time (s)	energy (uJ)	charge (mC)	voltage (mV)	crossing#mod 255
4525.776959	11.411733	0.010345	1.103071	14
4526.874615	7.920630	0.010305	0.768644	15
4527.879048	10.563679	0.010293	1.026266	16
4528.957581	8.990712	0.010298	0.873026	17
4529.964181	9.838369	0.010277	0.957329	18
4531.055099	8.078691	0.010308	0.783750	19
4532.061437	9.052292	0.010296	0.879210	20
4533.142532	9.163723	0.010314	0.888442	21
4534.154653	8.803799	0.010305	0.854316	22
4535.237833	8.689978	0.010291	0.844427	23
4536.248110	8.630559	0.010282	0.839374	24
4537.328220	8.587278	0.010286	0.834827	25
4538.344642	8.525336	0.010271	0.830019	26
4539.416937	9.500716	0.010295	0.922841	27
4540.434901	8.988480	0.010295	0.873068	28
4541.516774	8.370723	0.010310	0.811903	29
4542.532963	7.850731	0.010280	0.763656	30
4543.603268	9.167803	0.010318	0.888557	31
4544.620899	8.174448	0.010286	0.794702	32
4545.700920	8.707188	0.010307	0.844790	33
4546.715638	8.059904	0.010284	0.783713	34
4547.792196	9.120318	0.010313	0.884384	35
4548.806555	8.209628	0.010301	0.796950	36
4549.886570	8.547141	0.010301	0.829775	37
4550.898263	8.535883	0.010283	0.830067	38
4551.983213	8.662992	0.010288	0.842020	39
4552.991281	8.181495	0.010291	0.794982	40
4554.073457	8.110065	0.010293	0.787952	41
4555.082196	8.060995	0.010310	0.781824	42
4556.171214	7.797916	0.010302	0.756924	43
4557.178328	9.656159	0.010293	0.938152	44
4558.259892	7.424688	0.010302	0.720700	45
4559.270201	7.782414	0.010286	0.756579	46
4560.350363	8.394670	0.010291	0.815717	47
4561.365690	8.308205	0.010303	0.806357	48
4562.439458	8.034689	0.010287	0.781041	49
4563.460036	8.246737	0.010310	0.799861	50
4564.531342	7.496838	0.010287	0.728763	51
4565.555886	7.298401	0.010307	0.708069	52
4566.621655	138.028107	0.010308	13.389831	53
4567.650021	8.277561	0.010289	0.804472	54
4568.710204	7.723994	0.010304	0.749577	55
4569.750134	6.741245	0.010288	0.655271	56
4570.799470	7.911296	0.010305	0.767736	57
4571.839438	7.869622	0.010301	0.763972	58
4572.893128	8.127894	0.010288	0.790015	59
4573.936982	7.003851	0.010289	0.680722	60
4574.983378	8.181157	0.010285	0.795471	61
4576.027235	7.290442	0.010286	0.708779	62
4577.076677	8.530972	0.010271	0.830550	63
4578.120018	8.343352	0.010291	0.810778	64
4579.168225	8.047538	0.010280	0.782849	65
4580.212247	7.131352	0.010305	0.692000	66
4581.261269	7.902389	0.010314	0.766151	67
4582.304848	6.947552	0.010281	0.675773	68
4583.353824	7.590159	0.010307	0.736433	69
4584.397328	6.701473	0.010302	0.650527	70
4585.446413	7.980250	0.010312	0.773889	71
4586.488027	6.825337	0.010282	0.663814	72
4587.542333	7.435842	0.010290	0.722616	73
4588.579997	8.063291	0.010267	0.785330	74
4589.634625	7.780200	0.010290	0.756077	75
4590.668353	6.891489	0.010282	0.670218	76
4591.731034	7.905957	0.010284	0.768772	77
4592.757100	7.113783	0.010284	0.691753	78
4593.827016	7.567226	0.010275	0.736456	79
4594.845567	7.171357	0.010276	0.697891	80
4595.922871	7.885601	0.010251	0.769278	81
4596.936129	6.852890	0.010297	0.665523	82
4598.017561	7.379839	0.010300	0.716499	83
4599.033078	5.804099	0.010264	0.565481	84
4600.110502	8.000605	0.010287	0.777734	85
4601.120298	8.825400	0.010296	0.857184	86
4602.201932	7.600268	0.010307	0.737380	87
4603.209797	6.640275	0.010333	0.642640	88
4604.299239	7.113888	0.010281	0.691928	89
4605.308692	5.308193	0.010278	0.516469	90
4606.385068	7.905787	0.010305	0.767177	91
4607.397072	6.152886	0.010278	0.598629	92
4608.477360	7.902667	0.010295	0.767613	93
4609.489538	6.187412	0.010279	0.601950	94
4610.569581	8.189125	0.010286	0.796144	95
4611.583067	6.360693	0.010295	0.617841	96
4612.661154	7.695601	0.010300	0.747167	97
4613.674370	6.405650	0.010278	0.623213	98
4614.752784	8.601547	0.010257	0.838584	99
4615.766632	6.099571	0.010270	0.593933	100
4616.843280	7.966125	0.010308	0.772838	101
4617.859235	6.231879	0.010285	0.605893	102
4618.937155	8.125906	0.010282	0.790342	103
4619.951292	6.553340	0.010283	0.637291	104
4621.029662	8.146422	0.010280	0.792492	105
4622.043157	5.862140	0.010277	0.570402	106
4623.123520	7.749266	0.010333	0.749973	107
4624.134332	7.055012	0.010293	0.685392	108
4625.217525	7.093452	0.010281	0.689951	109
4626.226904	5.721398	0.010266	0.557300	110
4627.309116	7.144640	0.010300	0.693642	111
4628.323125	4.428195	0.010280	0.430745	112
4629.404305	7.003799	0.010278	0.681445	113
4630.411264	5.967565	0.010300	0.579356	114
4631.493013	7.520926	0.010284	0.731332	115
4632.505359	5.794630	0.010300	0.562569	116
4633.584926	7.165310	0.010280	0.697024	117
4634.599450	5.665148	0.010300	0.549990	118
4635.673548	7.298949	0.010305	0.708304	119
4636.691734	5.853105	0.010309	0.567794	120
4637.763405	7.334064	0.010278	0.713593	121
4638.787630	5.542734	0.010302	0.538030	122
4639.855211	6.826026	0.010267	0.664871	123
4640.885655	4.850832	0.010259	0.472814	124
4641.939660	7.896184	0.010270	0.768857	125
4642.976650	5.599194	0.010285	0.544430	126
4644.033001	7.334111	0.010306	0.711601	127
4645.070528	5.930995	0.010277	0.577116	128
4646.127009	6.597627	0.010277	0.642005	129
4647.164991	6.279498	0.010260	0.612058	130
4648.215882	6.745834	0.010277	0.656406	131
4649.255870	5.450354	0.010279	0.530245	132
4650.307118	7.335031	0.010261	0.714822	133
4651.346850	5.500877	0.010275	0.535376	134
4652.400353	6.746980	0.010272	0.656825	135
4653.440696	5.494094	0.010283	0.534284	136
4654.490994	6.802761	0.010281	0.661711	137
4655.534773	5.073304	0.010279	0.493565	138
4656.583232	8.145106	0.010264	0.793541	139
4657.624398	5.235928	0.010288	0.508924	140
4658.678539	6.773035	0.010272	0.659372	141
4659.716995	4.834880	0.010292	0.469760	142
4660.769923	6.905258	0.010299	0.670500	143
4661.804748	5.377734	0.010270	0.523645	144
4662.865692	7.479864	0.010257	0.729262	145
4663.893717	5.810451	0.010302	0.563988	146
4664.958941	6.677231	0.010278	0.649692	147
4665.984564	5.734341	0.010255	0.559175	148
4667.053130	7.044290	0.010278	0.685361	149
4668.073736	6.102475	0.010302	0.592372	150
4669.147582	6.925229	0.010335	0.670044	151
4670.164060	4.873095	0.010287	0.473727	152
4671.242223	7.137773	0.010304	0.692725	153
4672.255717	4.643345	0.010298	0.450912	154
4673.335863	6.794787	0.010269	0.661674	155
4674.346492	4.811927	0.010269	0.468589	156
4675.430381	6.566723	0.010299	0.637621	157
4676.436901	4.710482	0.010279	0.458281	158
4677.521476	7.057438	0.010292	0.685720	159
4678.528968	4.461732	0.010280	0.434008	160
4679.612574	7.231627	0.010276	0.703711	161
4680.624559	4.555851	0.010259	0.444065	162
4681.703776	7.090909	0.010273	0.690253	163
4682.719237	4.718648	0.010254	0.460197	164
4683.795975	6.796944	0.010274	0.661587	165
4684.806078	5.692974	0.010248	0.555546	166
4685.888136	6.900861	0.010285	0.670935	167
4686.899722	4.486487	0.010301	0.435540	168
4687.977649	7.434546	0.010295	0.722155	169
4688.991885	4.719136	0.010274	0.459346	170
4690.071156	7.807319	0.010276	0.759735	171
4691.084276	4.161918	0.010277	0.404976	172
4692.162780	7.741681	0.010277	0.753289	173
4693.176351	4.462698	0.010271	0.434481	174
4694.253560	7.250921	0.010298	0.704133	175
4695.267496	4.796810	0.010278	0.466718	176
4696.346118	6.884256	0.010295	0.668717	177
4697.359584	4.505524	0.010279	0.438314	178
4698.437716	6.923821	0.010320	0.670896	179
4699.452121	4.509393	0.010297	0.437953	180
4700.531293	6.709353	0.010277	0.652866	181
4701.543542	4.561821	0.010277	0.443902	182
4702.623536	6.854702	0.010314	0.664619	183
4703.635487	4.159750	0.010275	0.404859	184
4704.714195	6.759337	0.010299	0.656331	185
4705.728580	4.870150	0.010261	0.474617	186
4706.804075	7.148220	0.010279	0.695448	187
4707.821884	4.522503	0.010267	0.440504	188
4708.894130	6.704423	0.010275	0.652478	189
4709.920845	3.936286	0.010270	0.383278	190
4710.983104	6.946530	0.010298	0.674540	191
4712.008865	4.895130	0.010297	0.475376	192
4713.074532	6.256662	0.010266	0.609426	193
4714.103706	4.477025	0.010267	0.436065	194
4715.163422	6.550474	0.010275	0.637516	195
4716.197761	4.408689	0.010304	0.427859	196
4717.255317	6.385471	0.010274	0.621497	197
4718.293611	3.650208	0.010266	0.355559	198
4719.346393	6.965360	0.010247	0.679728	199
4720.383725	4.770000	0.010279	0.464044	200
4721.437467	6.472607	0.010269	0.630298	201
4722.477451	6.518401	0.010283	0.633884	202
4723.529295	6.554336	0.010266	0.638481	203
4724.564670	4.464737	0.010272	0.434656	204
4725.621606	6.319009	0.010267	0.615485	205
4726.657899	4.119990	0.010274	0.401025	206
4727.713816	6.273729	0.010270	0.610857	207
4728.749771	4.288522	0.010268	0.417662	208
4729.803755	6.697883	0.010276	0.651773	209
4730.842259	4.487624	0.010272	0.436878	210
4731.894579	6.956475	0.010303	0.675192	211
4732.935880	3.718161	0.010278	0.361776	212
4733.988737	6.564399	0.010275	0.638859	213
4735.022678	4.653851	0.010281	0.452664	214
4736.082956	6.573689	0.010270	0.640058	215
4737.115941	3.950271	0.010275	0.384439	216
4738.175908	6.660733	0.010274	0.648288	217
4739.204696	4.206308	0.010294	0.408605	218
4740.270857	52.282688	0.010253	5.099242	219
4741.294576	4.005887	0.010302	0.388857	220
4742.366341	6.579758	0.010279	0.640135	221
4743.382991	4.620348	0.010295	0.448779	222
4744.457311	6.698289	0.010277	0.651774	223
4745.474865	4.369515	0.010271	0.425402	224
4746.552482	6.467890	0.010273	0.629576	225
4747.566670	3.678175	0.010306	0.356907	226
4748.644750	6.373747	0.010281	0.619979	227
4749.656449	4.110625	0.010254	0.400881	228
4750.737323	6.704497	0.010291	0.651488	229
4751.745863	4.556773	0.010250	0.444574	230
4752.828259	7.172174	0.010273	0.698165	231
4753.838575	3.560219	0.010293	0.345887	232
4754.920339	6.569530	0.010270	0.639651	233
4755.932145	4.164609	0.010288	0.404785	234
4757.012579	6.682570	0.010284	0.649812	235
4758.024049	3.526039	0.010258	0.343745	236
4759.104168	6.490153	0.010280	0.631308	237
4760.113199	3.954533	0.010306	0.383716	238
4761.198750	6.346002	0.010280	0.617331	239
4762.207324	3.739123	0.010292	0.363308	240
4763.285327	6.931976	0.010261	0.675548	241
4764.298588	3.521202	0.010268	0.342945	242
4765.380788	6.703778	0.010254	0.653774	243
4766.389331	4.349388	0.010319	0.421473	244
4767.470487	6.925232	0.010259	0.675022	245
4768.481389	3.810501	0.010269	0.371066	246
4769.563372	6.613688	0.010287	0.642923	247
4770.574706	3.807493	0.010258	0.371165	248
4771.653514	6.644860	0.010275	0.646729	249
4772.665861	3.655779	0.010331	0.353880	250
4773.745573	6.820732	0.010269	0.664192	251
4774.759543	3.945652	0.010269	0.384226	252
4775.837437	6.403005	0.010274	0.623223	253
4776.851415	4.654931	0.010250	0.454158	254
4777.926150	6.761306	0.010250	0.659612	255
4778.944302	4.045684	0.010270	0.393920	0
4780.018027	5.793362	0.010280	0.563538	1
4781.038248	3.817878	0.010265	0.371931	2
4782.108229	6.206530	0.010289	0.603208	3
4783.132355	3.767580	0.010266	0.367003	4
4784.196405	6.504166	0.010291	0.632040	5
4785.226445	3.621545	0.010265	0.352799	6
4786.288394	6.072751	0.010281	0.590666	7
4787.319348	3.520899	0.010266	0.342976	8
4788.378867	6.137153	0.010258	0.598270	9
4789.411186	3.990957	0.010266	0.388754	10
4790.468726	6.009670	0.010264	0.585534	11
4791.505166	3.642812	0.010277	0.354464	12
4792.559193	6.196654	0.010275	0.603096	13
4793.595276	4.034082	0.010269	0.392826	14
4794.649735	6.581505	0.010294	0.639327	15
4795.691169	4.027157	0.010279	0.391800	16
4796.744197	5.900835	0.010273	0.574380	17
4797.782373	115.663216	0.010278	11.253383	18
4798.833320	6.540566	0.010277	0.636450	19
4799.871699	4.651653	0.010261	0.453331	20
4800.927756	6.194651	0.010251	0.604307	21
4801.963880	4.131395	0.010254	0.402920	22
4803.018183	6.612453	0.010287	0.642819	23
4804.054164	3.861389	0.010279	0.375676	24
4805.113528	5.684951	0.010264	0.553848	25
4806.145185	4.381768	0.010253	0.427348	26
4807.203337	6.346504	0.010266	0.618217	27
4808.235003	3.684415	0.010286	0.358189	28
4809.296961	6.485044	0.010270	0.631449	29
4810.327093	3.425649	0.010289	0.332938	30
4811.389976	8.809122	0.010265	0.858145	31
4812.417098	3.272509	0.010289	0.318048	32
4813.482581	6.644179	0.010259	0.647626	33
4814.507670	3.663180	0.010273	0.356599	34
4815.578410	6.396536	0.010269	0.622880	35
4816.595935	3.521294	0.010286	0.342325	36
4817.671333	6.535390	0.010271	0.636304	37
4818.687991	3.856505	0.010273	0.375400	38
4819.764420	6.418525	0.010274	0.624761	39
4820.777261	4.365245	0.010298	0.423899	40
4821.855188	6.716004	0.010298	0.652168	41
4822.869113	3.995826	0.010262	0.389390	42
4823.948739	6.366015	0.010279	0.619338	43
4824.961040	3.364561	0.010271	0.327567	44
4826.039368	6.984444	0.010286	0.678998	45
4827.051491	3.501760	0.010290	0.340300	46
4828.131197	7.109586	0.010272	0.692136	47
