num crossings	time (s)	maj axis (mm)	min axis (mm)	theta (rad )	slope (V/s)
3085	4523.340689	36.635751	13.982132	1.436908	2.580840
3087	4525.427667	36.908713	13.479565	1.432209	3.303654
3089	4527.526143	37.070856	13.330451	1.434179	3.138730
3091	4529.613825	36.441281	17.159899	1.366631	2.843796
3093	4531.710222	37.031697	12.981406	1.438889	3.304147
3095	4533.804074	39.541514	14.212443	1.443416	2.627360
3097	4535.897341	37.226579	12.813938	1.443889	3.105835
3099	4537.993503	39.950327	14.065781	1.451178	2.812101
3101	4540.084210	39.832952	13.872478	1.457422	3.197533
3103	4542.180673	37.483113	12.413732	1.451338	2.970647
3105	4544.270375	40.398049	13.722756	1.459594	2.973579
3107	4546.364518	37.827048	12.333029	1.458919	3.110542
3109	4548.456461	39.343430	12.196446	1.430724	2.701656
3111	4550.547576	37.100498	16.132792	1.414248	3.145905
3113	4552.640357	40.399515	13.266520	1.463960	2.938450
3115	4554.731961	40.593311	13.271502	1.464455	3.293428
3117	4556.827486	37.962127	11.845982	1.469893	3.066995
3119	4558.919487	38.094493	11.785685	1.470961	2.959957
3121	4561.015530	40.023298	11.518601	1.439624	2.839822
3123	4563.109606	37.644078	16.425289	1.403856	2.997008
3125	4565.205619	38.293769	11.569012	1.476095	3.008544
3127	4567.299283	41.050069	12.539387	1.482234	3.198102
3129	4569.396788	40.448040	11.389695	1.454938	3.191786
3131	4571.489292	38.292682	15.112194	1.431820	3.281767
3133	4573.584271	40.543789	11.318102	1.460489	3.188661
3135	4575.676344	38.538182	14.688232	1.442013	3.166948
3137	4577.769633	41.490306	12.288074	1.488279	3.294074
3139	4579.861966	38.845090	10.891448	1.487234	3.208752
3141	4581.953941	41.572373	12.207909	1.491405	3.557517
3143	4584.046157	41.125525	11.046755	1.472304	3.220447
3145	4586.136957	39.001522	14.493227	1.445049	3.364208
3147	4588.227995	41.116372	10.789876	1.469511	3.269410
3149	4590.318175	38.737397	14.772781	1.445854	3.260103
3151	4592.407207	42.161890	11.907890	1.494282	3.192683
3153	4594.496539	41.177264	10.390985	1.470399	3.162840
3155	4596.586697	39.326830	11.038865	1.508900	3.332499
3157	4598.677362	39.585780	10.578820	1.499847	3.348576
3159	4600.769089	39.565580	11.026610	1.489841	3.123204
3161	4602.859739	38.957367	14.845856	1.451570	3.208679
3163	4604.953509	39.688881	10.386279	1.504761	3.190290
3165	4607.045919	39.273030	14.560399	1.456610	3.266767
3167	4609.138567	42.725826	11.285973	1.505854	3.162489
3169	4611.232169	39.750952	9.832746	1.510669	3.134022
3171	4613.323689	39.801788	9.763143	1.512415	3.238419
3173	4615.416095	42.588517	11.140437	1.514380	3.256085
3175	4617.508970	42.618814	11.065044	1.515963	3.386493
3177	4619.601011	42.669608	11.103308	1.511240	3.332610
3179	4621.692251	40.074344	9.465038	1.519110	3.185629
3181	4623.784236	41.167912	9.626640	1.491836	3.441383
3183	4625.876385	40.101002	10.024561	1.530462	3.328693
3185	4627.967535	41.511252	9.440688	1.490982	3.515838
3187	4630.061065	40.108344	9.898410	1.535396	3.320889
3189	4632.154708	43.060008	10.495374	1.524399	3.221205
3191	4634.248456	43.125715	10.465464	1.521356	3.372430
3193	4636.341868	43.022891	10.450798	1.523497	3.313070
3195	4638.436763	43.183308	10.211817	1.531146	3.309175
3197	4640.532830	40.472592	9.256042	1.528601	3.402559
3199	4642.626010	40.386632	9.486699	1.538678	3.542498
3201	4644.719540	43.433049	10.077012	1.527833	3.507385
3203	4646.813052	40.684030	9.077738	1.532731	3.584818
3205	4648.905238	40.567814	12.398226	1.502223	3.562319
3207	4650.997358	40.791758	8.988741	1.535735	3.599404
3209	4653.090341	40.785344	12.043171	1.506640	3.348983
3211	4655.183970	40.747350	8.420799	1.539775	3.597414
3213	4657.273078	40.990683	8.809436	1.539594	3.423948
3215	4659.365433	40.922215	9.576248	1.539198	3.450256
3217	4661.455553	40.862979	9.518046	1.538538	3.505102
3219	4663.545358	39.389568	12.782255	1.521396	3.501637
3221	4665.634534	43.949057	9.519485	1.540087	3.470848
3223	4667.724411	43.952190	9.336958	1.542967	3.415419
3225	4669.814255	43.675668	9.318355	1.543498	3.399521
3227	4671.904737	41.752332	8.132283	1.511381	3.365539
3229	4673.995951	40.530860	12.644110	1.507365	3.446565
3231	4676.086027	41.054124	7.720430	1.547864	3.278853
3233	4678.179073	41.179448	8.137518	1.547692	3.356584
3235	4680.270683	40.579999	11.849567	1.519752	3.434330
3237	4682.366287	42.373452	7.882653	1.522374	3.128785
3239	4684.456476	41.272404	8.281526	1.561283	3.339771
3241	4686.549271	41.306370	7.434067	1.553919	3.489816
3243	4688.641025	44.275688	8.841374	1.552132	3.294983
3245	4690.732212	41.428096	7.892530	1.554113	3.209467
3247	4692.824114	41.279266	8.702796	1.553038	3.528926
3249	4694.917189	41.363236	11.014241	1.526436	3.375116
3251	4697.009303	44.032103	8.667727	1.555803	3.509822
3253	4699.101505	44.129411	8.631470	1.554625	3.431256
3255	4701.192534	41.359476	7.016044	1.559591	3.338934
3257	4703.283197	41.516973	7.514929	1.559331	3.472684
3259	4705.378395	41.481369	8.374167	1.558911	3.451919
3261	4707.471055	42.806168	11.459647	1.513865	3.373181
3263	4709.565769	43.146012	7.226980	1.532448	3.309069
3265	4711.659082	40.900901	11.307436	1.531365	3.435328
3267	4713.752896	41.610666	6.652085	1.563799	3.354672
3269	4715.846992	44.362950	8.115446	1.560418	3.621217
3271	4717.940722	43.255011	7.184327	1.540835	3.601741
3273	4720.033236	42.056171	9.903335	1.543198	3.518220
3275	4722.126356	44.266196	7.942963	1.566123	3.565653
3277	4724.215541	41.871096	6.903116	1.567274	3.512336
3279	4726.307536	41.770665	9.753523	1.550147	3.550972
3281	4728.398991	44.739332	7.909856	1.562794	3.661719
3283	4730.491662	44.490427	7.711319	1.569095	3.377949
3285	4732.584097	43.577480	6.735882	1.542662	3.671146
3287	4734.673339	41.761498	10.155147	1.544025	3.513121
3289	4736.765199	41.961646	6.030495	1.571446	3.492258
3291	4738.855009	44.996003	7.423929	1.568315	3.592647
3293	4740.944533	42.005535	5.877852	1.572140	3.494106
3295	4743.033479	44.735035	7.225744	1.567635	3.434417
3297	4745.124520	41.956094	5.704038	1.573901	3.449980
3299	4747.214796	43.426567	6.172301	1.545312	3.281486
3301	4749.306870	41.721294	9.480129	1.550125	3.363438
3303	4751.396829	41.941774	5.582288	1.574768	3.507508
3305	4753.488162	44.604025	7.065831	1.570503	3.529135
3307	4755.580867	43.438492	6.027558	1.550375	3.447895
3309	4757.671821	42.128011	6.871072	1.572287	3.512215
3311	4759.762928	42.216329	6.152638	1.585177	3.347022
3313	4761.855833	42.107492	5.905602	1.575718	3.303443
3315	4763.947904	42.218436	6.044899	1.586237	3.286608
3317	4766.039695	42.396543	5.666077	1.544279	3.363909
3319	4768.131732	42.118675	6.706752	1.576903	3.386871
3321	4770.223528	41.956400	8.811425	1.557638	3.352530
3323	4772.315867	44.703372	6.713509	1.577309	3.394583
3325	4774.408837	44.825971	6.576191	1.578550	3.537240
3327	4776.502389	45.164452	6.493796	1.579265	3.243512
3329	4778.593904	44.837964	6.381870	1.580770	3.483314
3331	4780.687213	42.185126	4.829495	1.582151	3.316892
3333	4782.781001	42.328503	4.918308	1.582321	3.280906
3335	4784.875076	45.186544	6.306507	1.578266	3.426735
3337	4786.968996	42.346496	5.311728	1.579504	3.474090
3339	4789.061439	42.319943	6.264599	1.578590	3.526442
3341	4791.153816	42.301016	6.255619	1.579262	3.523523
3343	4793.246344	42.422133	7.886574	1.568420	3.582814
3345	4795.338859	43.981667	5.352172	1.558408	3.600669
3347	4797.431247	42.378500	5.251478	1.591823	3.502497
3349	4799.522032	45.076910	5.998797	1.577982	3.653843
3351	4801.613375	45.082674	6.007530	1.579189	3.562921
3353	4803.703947	42.422413	4.302223	1.584759	3.579184
3355	4805.795169	42.496274	4.859232	1.583215	3.510837
3357	4807.885156	42.439054	4.994403	1.592602	3.502626
3359	4809.975756	44.061633	4.962707	1.559031	3.470529
3361	4812.065970	42.441235	4.827764	1.582012	3.355014
3363	4814.155998	42.404563	4.765784	1.582254	3.207188
3365	4816.246037	42.116186	7.535966	1.571810	3.314531
3367	4818.337640	42.486656	3.972118	1.587206	3.417018
3369	4820.427681	45.274864	5.583776	1.582212	3.468107
3371	4822.518795	44.954574	5.559568	1.583584	3.437287
3373	4824.610285	42.512344	3.814391	1.587181	3.455422
3375	4826.701088	45.407504	5.401552	1.583740	3.233400
