time (s)	energy (uJ)	charge (mC)	voltage (mV)	crossing#mod 255
430910.213441	32.719704	0.004489	7.289617	58
430911.296460	30.211742	0.004483	6.738652	59
430912.310447	31.256891	0.004483	6.971866	60
430913.360517	32.670055	0.004486	7.282797	61
430914.409057	31.397482	0.004496	6.983897	62
430915.459064	31.623060	0.004481	7.056777	63
430916.471982	33.539989	0.004489	7.472352	64
430917.556076	33.217281	0.004494	7.390826	65
430918.572056	33.564106	0.004494	7.469290	66
430919.652611	33.237038	0.004479	7.420051	67
430920.669486	33.641445	0.004475	7.517279	68
430921.750748	31.351252	0.004489	6.983926	69
430922.763232	32.345161	0.004484	7.213792	70
430923.847338	31.124535	0.004493	6.926598	71
430924.860999	30.269051	0.004504	6.719940	72
430925.911393	35.500656	0.004493	7.900557	73
430926.927438	36.797325	0.004491	8.192843	74
430928.007448	33.799313	0.004499	7.513068	75
430929.025502	35.700493	0.004485	7.959410	76
430930.103513	33.802383	0.004485	7.536972	77
430931.121381	34.639488	0.004486	7.720907	78
430932.203672	33.633152	0.004490	7.490935	79
430933.217739	34.596893	0.004519	7.656557	80
430934.318888	29.184017	0.004486	6.506206	81
430935.313767	33.822388	0.004483	7.544414	82
430936.397883	31.266533	0.004499	6.950412	83
430937.410394	33.107006	0.004487	7.378468	84
430938.460456	36.183472	0.004502	8.036681	85
430939.508997	30.445168	0.004491	6.778670	86
430940.556855	35.992489	0.004487	8.021752	87
430941.575063	37.962791	0.004495	8.445884	88
430942.653588	34.239887	0.004483	7.638176	89
430943.669744	37.172344	0.004502	8.256010	90
430944.752284	48.737167	0.004492	10.849361	91
430945.766261	35.790413	0.004475	7.998090	92
430946.848773	33.232319	0.004507	7.373163	93
430947.864836	34.819996	0.004504	7.730783	94
430948.948888	31.759222	0.004476	7.096129	95
430949.962775	33.216656	0.004482	7.411806	96
430951.013035	36.610195	0.004476	8.179052	97
430952.059035	30.633400	0.004491	6.821334	98
430953.107972	37.868980	0.004507	8.402531	99
430954.156028	30.015450	0.004491	6.684193	100
430955.208103	35.293060	0.004490	7.859830	101
430956.220664	37.070755	0.004493	8.249913	102
430957.300699	35.895668	0.004487	8.000539	103
430958.316709	37.653023	0.004482	8.401199	104
430959.399311	33.283192	0.004502	7.393420	105
430960.415352	36.016010	0.004495	8.012593	106
430961.495370	31.436016	0.004490	7.001467	107
430962.512384	36.595970	0.004502	8.128558	108
430963.560499	39.481331	0.004514	8.746561	109
430964.609068	30.965290	0.004492	6.893783	110
430965.656983	37.430668	0.004477	8.360002	111
430966.675137	41.451408	0.004496	9.220387	112
430967.753665	36.041096	0.004487	8.032744	113
430968.769712	38.296734	0.004487	8.534869	114
430969.852215	35.161572	0.004491	7.829111	115
430970.868285	36.423939	0.004494	8.104769	116
430971.950326	35.625214	0.004501	7.914308	117
430972.966374	36.130993	0.004482	8.061013	118
430974.045263	32.994282	0.004470	7.380488	119
430975.061498	35.317913	0.004491	7.863564	120
430976.109871	40.145519	0.004482	8.957827	121
430977.163951	29.115929	0.004478	6.502112	122
430978.207924	40.352551	0.004504	8.958670	123
430979.225963	41.380188	0.004493	9.209628	124
430980.303971	38.408798	0.004485	8.564563	125
430981.320031	40.991486	0.004486	9.136887	126
430982.404141	34.960407	0.004486	7.794039	127
430983.420139	36.926617	0.004489	8.226500	128
430984.498151	34.358093	0.004486	7.658655	129
430985.516215	35.803757	0.004491	7.972713	130
430986.562693	41.089748	0.004475	9.182625	131
430987.610771	35.106312	0.004496	7.808901	132
430988.660811	41.000587	0.004501	9.108580	133
430989.708738	31.895302	0.004485	7.112254	134
430990.758884	38.048206	0.004484	8.485565	135
430991.808870	29.731600	0.004497	6.611509	136
430992.854521	38.484264	0.004489	8.572395	137
430993.871006	39.692696	0.004481	8.857486	138
430994.951009	37.211452	0.004485	8.296524	139
430995.967042	39.042171	0.004486	8.702544	140
430997.049650	33.429882	0.004510	7.412536	141
430998.065655	35.389240	0.004507	7.852037	142
430999.145703	32.245461	0.004480	7.197033	143
431000.150746	37.153923	0.004486	8.281440	144
431001.210385	42.610573	0.004483	9.505250	145
431002.258771	31.322124	0.004478	6.993951	146
431003.308927	40.380505	0.004494	8.986286	147
431004.358925	28.494265	0.004488	6.348633	148
431005.404717	38.437073	0.004480	8.580602	149
431006.421076	41.335308	0.004491	9.204886	150
431007.503129	35.085022	0.004491	7.812235	151
431008.517104	38.542793	0.004487	8.589621	152
431009.599027	34.853725	0.004487	7.767508	153
431010.615248	36.365261	0.004493	8.093132	154
431011.696124	32.476208	0.004482	7.245597	155
431012.711919	35.836708	0.004478	8.002159	156
431013.762374	40.400501	0.004489	9.000500	157
431014.808401	30.420788	0.004485	6.782436	158
431015.858489	41.196949	0.004492	9.171072	159
431016.908535	27.243492	0.004489	6.068350	160
431017.956614	37.756874	0.004482	8.423971	161
431018.973546	41.537018	0.004486	9.259161	162
431020.051506	36.358059	0.004488	8.101116	163
431021.067529	39.527199	0.004489	8.804675	164
431022.151609	33.246262	0.004491	7.402455	165
431023.166955	35.215839	0.004476	7.867789	166
431024.248285	30.901148	0.004485	6.889303	167
431025.266864	32.819244	0.004490	7.308965	168
431026.312915	41.902287	0.004502	9.307158	169
431027.358874	31.808447	0.004488	7.088179	170
431028.407387	40.486450	0.004473	9.050739	171
431029.457497	29.217634	0.004490	6.507914	172
431030.505533	36.526657	0.004494	8.128346	173
431031.521527	39.734058	0.004491	8.846875	174
431032.601568	36.182716	0.004489	8.060312	175
431033.620319	37.231953	0.004486	8.300471	176
431034.699309	33.040283	0.004490	7.358132	177
431035.716177	35.654911	0.004486	7.947160	178
431036.798722	29.772091	0.004506	6.606647	179
431037.814732	29.899305	0.004494	6.653746	180
431038.862602	41.688995	0.004480	9.304951	181
431039.908774	30.637314	0.004488	6.826342	182
431040.960775	39.889198	0.004477	8.909193	183
431042.006599	27.565388	0.004486	6.144223	184
431043.056796	38.158089	0.004500	8.479134	185
431044.070778	41.079563	0.004477	9.174879	186
431045.154879	35.616734	0.004495	7.922906	187
431046.167436	38.523117	0.004488	8.582677	188
431047.251494	32.892960	0.004490	7.326495	189
431048.266050	35.294407	0.004498	7.847430	190
431049.348111	30.783802	0.004487	6.860213	191
431050.362085	33.985310	0.004482	7.581970	192
431051.412189	41.100983	0.004504	9.125350	193
431052.462228	29.811468	0.004480	6.654107	194
431053.510794	38.208031	0.004481	8.527125	195
431054.561809	25.392570	0.004476	5.673516	196
431055.606387	36.887589	0.004491	8.213654	197
431056.621149	41.385616	0.004496	9.205009	198
431057.701860	35.527451	0.004480	7.930186	199
431058.717919	39.497993	0.004483	8.810535	200
431059.799307	32.034542	0.004485	7.142907	201
431060.816055	35.009571	0.004478	7.817866	202
431061.898089	29.354912	0.004492	6.535408	203
431062.912522	32.683022	0.004496	7.269818	204
431063.961658	42.139717	0.004513	9.338387	205
431065.010260	28.896923	0.004494	6.429549	206
431066.058149	40.762424	0.004488	9.082565	207
431067.106364	26.798367	0.004484	5.975960	208
431068.158447	36.871910	0.004483	8.224852	209
431069.170424	41.491905	0.004492	9.236787	210
431070.252397	35.133335	0.004487	7.830457	211
431071.268993	38.224079	0.004490	8.514069	212
431072.351056	31.600088	0.004487	7.043000	213
431073.365008	36.159294	0.004481	8.070040	214
431074.446877	29.477484	0.004495	6.557921	215
431075.463669	31.888927	0.004483	7.113882	216
431076.514265	44.723141	0.004475	9.993536	217
431077.558816	29.183903	0.004496	6.490983	218
431078.608886	40.822441	0.004488	9.095668	219
431079.626953	40.591202	0.004487	9.046968	220
431080.705385	37.728882	0.004477	8.427442	221
431081.724107	39.556412	0.004474	8.840640	222
431082.802622	33.161797	0.004488	7.388314	223
431083.821238	35.257282	0.004477	7.875255	224
431084.903786	29.751139	0.004471	6.654845	225
431085.915693	32.808060	0.004483	7.318115	226
431086.999881	27.944096	0.004494	6.218636	227
431088.013932	32.452671	0.004491	7.225844	228
431089.062479	40.581814	0.004498	9.021372	229
431090.110521	28.666229	0.004498	6.372954	230
431091.158463	38.611866	0.004479	8.621394	231
431092.207015	25.385511	0.004480	5.665835	232
431093.257104	35.833763	0.004478	8.002325	233
431094.272055	39.375530	0.004496	8.758131	234
431095.354196	53.899147	0.004520	11.924973	235
431096.368190	37.461491	0.004499	8.326197	236
431097.452243	30.218975	0.004496	6.720657	237
431098.466834	33.999847	0.004491	7.571127	238
431099.547187	27.744818	0.004485	6.186600	239
431100.562320	30.781622	0.004484	6.865083	240
431101.612419	41.617271	0.004499	9.251264	241
431102.660142	26.924438	0.004484	6.004193	242
431103.709364	39.632259	0.004493	8.821512	243
431104.759119	23.226368	0.004491	5.172106	244
431105.808346	35.723888	0.004497	7.944581	245
431106.820866	39.854469	0.004479	8.897457	246
431107.902868	33.526268	0.004486	7.473915	247
431108.921493	35.563248	0.004525	7.859537	248
431110.000026	30.196476	0.004484	6.734701	249
431111.018101	33.867939	0.004484	7.552230	250
431112.096629	27.006954	0.004490	6.015128	251
431113.112665	28.361492	0.004486	6.321710	252
431114.164767	39.931553	0.004486	8.902354	253
431115.210802	25.843439	0.004509	5.732089	254
431116.258758	39.842884	0.004481	8.892232	255
431117.306834	22.753990	0.004486	5.071890	0
431118.356947	36.423893	0.004503	8.089270	1
431119.371775	38.772243	0.004484	8.647298	2
431120.453923	33.320885	0.004494	7.414199	3
431121.469943	35.453262	0.004497	7.884381	4
431122.549925	29.523876	0.004484	6.584093	5
431123.565932	31.749121	0.004484	7.080762	6
431124.650076	25.804308	0.004502	5.731396	7
431125.662595	29.521690	0.004485	6.582695	8
431126.713160	38.888390	0.004486	8.668113	9
431127.761201	27.059618	0.004494	6.020999	10
431128.811204	35.394749	0.004500	7.865911	11
431129.858165	21.655136	0.004496	4.816289	12
431130.892919	41.221077	0.004486	9.189043	13
431131.921981	39.104065	0.004478	8.732003	14
431133.006327	29.546061	0.004481	6.593614	15
431134.018761	35.650101	0.004483	7.952669	16
431135.100925	28.260040	0.004493	6.290249	17
431136.117501	53.076202	0.004503	11.786114	18
431137.197485	25.671391	0.004500	5.704693	19
431138.214105	28.743660	0.004494	6.395461	20
431139.264160	39.194004	0.004483	8.742692	21
431140.310108	25.124994	0.004488	5.598256	22
431141.360173	42.757492	0.004484	9.536345	23
431142.408189	21.553642	0.004496	4.793887	24
431143.456759	34.297188	0.004492	7.634748	25
431144.472822	37.333340	0.004486	8.322252	26
431145.554869	30.857166	0.004488	6.875381	27
431146.568832	35.861023	0.004480	8.004896	28
431147.650573	27.753733	0.004486	6.186669	29
431148.666924	30.954185	0.004497	6.884003	30
431149.748949	24.183155	0.004487	5.389048	31
431150.763415	27.793068	0.004486	6.195854	32
431151.811514	40.623592	0.004486	9.056083	33
431152.861618	23.981171	0.004505	5.323724	34
431153.909126	37.341896	0.004479	8.337040	35
431154.957685	20.817646	0.004484	4.642946	36
431156.007831	33.158821	0.004489	7.386674	37
431157.023896	37.049129	0.004488	8.254804	38
431158.103371	29.426256	0.004471	6.580895	39
431159.119920	33.368454	0.004496	7.421974	40
431160.199901	27.437059	0.004492	6.107427	41
431161.215973	29.806864	0.004487	6.643407	42
431162.266086	41.777840	0.004506	9.272233	43
431163.313895	27.344816	0.004520	6.050323	44
431164.364189	37.407082	0.004483	8.344741	45
431165.412512	23.882122	0.004491	5.317418	46
431166.460833	34.851101	0.004490	7.762524	47
431167.510890	20.598028	0.004490	4.587781	48
431168.558996	32.467052	0.004508	7.201478	49
431169.573584	35.562939	0.004480	7.937981	50
431170.654139	29.217402	0.004492	6.504036	51
431171.673107	31.192463	0.004475	6.970337	52
431172.750933	26.620283	0.004481	5.941015	53
431173.767214	29.126986	0.004495	6.479269	54
431174.819220	37.118526	0.004475	8.294227	55
431175.865287	25.742531	0.004485	5.739979	56
431176.913402	38.695183	0.004498	8.602176	57
431177.961024	23.372028	0.004506	5.187078	58
431179.009388	35.707233	0.004478	7.973738	59
431180.026003	38.961159	0.004482	8.692076	60
431181.106032	33.146244	0.004493	7.377566	61
431182.122492	36.727604	0.004483	8.193261	62
431183.205166	28.829124	0.004484	6.428864	63
431184.221181	31.944990	0.004475	7.139078	64
431185.305714	24.007143	0.004484	5.354361	65
431186.316668	30.856485	0.004483	6.882365	66
431187.365186	41.348576	0.004483	9.224389	67
431188.415309	24.794836	0.004490	5.521725	68
431189.461812	39.850033	0.004485	8.886164	69
431190.511903	21.573240	0.004488	4.806554	70
431191.559743	35.315434	0.004483	7.877842	71
431192.608953	18.900940	0.004493	4.206361	72
431193.656887	30.499941	0.004482	6.805517	73
431194.673579	34.856270	0.004502	7.742249	74
431195.755676	26.132107	0.004490	5.820541	75
431196.769676	33.028690	0.004479	7.374253	76
431197.851763	24.442213	0.004492	5.441684	77
431198.869739	26.966192	0.004488	6.009145	78
431199.917404	38.915535	0.004472	8.701683	79
431200.964729	25.933537	0.004505	5.756960	80
431202.014555	34.902145	0.004480	7.791287	81
431203.062819	23.032362	0.004489	5.130808	82
431204.093463	42.307693	0.004489	9.424067	83
431205.162889	18.184931	0.004489	4.050649	84
431206.207001	29.641907	0.004504	6.581849	85
431207.225460	33.946205	0.004478	7.580335	86
431208.304034	27.163208	0.004497	6.040106	87
431209.320574	30.792490	0.004481	6.871065	88
431210.402639	23.112303	0.004498	5.138563	89
431211.418625	29.100126	0.004480	6.495408	90
431212.465125	39.914524	0.004485	8.899525	91
431213.517180	23.551809	0.004477	5.260554	92
