time (s)	energy (uJ)	charge (mC)	voltage (mV)	crossing#mod 255
3812.860507	30.382448	0.012115	2.507746	103
3813.894076	18.856674	0.012122	1.555527	104
3814.951954	33.240253	0.012141	2.737773	105
3815.987611	19.675266	0.012141	1.620574	106
3817.046496	29.554119	0.012117	2.439094	107
3818.086745	20.661585	0.012114	1.705666	108
3819.134029	30.890463	0.012124	2.547794	109
3820.178613	20.816193	0.012164	1.711349	110
3821.232170	27.692080	0.012116	2.285519	111
3822.274259	19.484192	0.012122	1.607381	112
3823.320747	28.781137	0.012112	2.376332	113
3824.369320	21.045389	0.012119	1.736501	114
3825.417475	26.384062	0.012138	2.173642	115
3826.453608	20.988604	0.012140	1.728852	116
3827.521442	26.296045	0.012088	2.175369	117
3828.542815	21.721706	0.012132	1.790386	118
3829.618359	25.263470	0.012137	2.081509	119
3830.634964	18.727497	0.012117	1.545589	120
3831.711931	26.137465	0.012113	2.157721	121
3832.724256	18.643576	0.012144	1.535168	122
3833.804034	26.200443	0.012107	2.164052	123
3834.826538	16.966797	0.012107	1.401386	124
3835.886412	27.565186	0.012132	2.272044	125
3836.930159	14.527070	0.012125	1.198083	126
3837.974681	28.094738	0.012119	2.318194	127
3839.020629	16.778828	0.012111	1.385411	128
3840.069998	23.801447	0.012107	1.965899	129
3841.113896	18.962776	0.012167	1.558554	130
3842.163642	22.601149	0.012110	1.866273	131
3843.207476	18.020401	0.012131	1.485438	132
3844.258580	25.269274	0.012106	2.087394	133
3845.294605	16.904049	0.012104	1.396560	134
3846.356177	23.442125	0.012134	1.931983	135
3847.386982	18.371799	0.012113	1.516748	136
3848.448358	23.853720	0.012137	1.965451	137
3849.476003	17.049112	0.012105	1.408454	138
3850.543980	22.880602	0.012118	1.888220	139
3851.567523	18.146242	0.012102	1.499390	140
3852.639587	20.152311	0.012104	1.664949	141
3853.664068	15.338592	0.012104	1.267215	142
3854.728760	22.746727	0.012086	1.882019	143
3855.757952	16.811769	0.012120	1.387077	144
3856.822310	19.961889	0.012085	1.651809	145
3857.855194	15.718552	0.012133	1.295496	146
3858.910737	21.603331	0.012124	1.781837	147
3859.950808	13.934043	0.012123	1.149372	148
3860.999421	21.810740	0.012111	1.800974	149
3862.045072	15.126988	0.012104	1.249709	150
3863.092163	23.114691	0.012111	1.908559	151
3864.132800	16.663864	0.012120	1.374943	152
3865.182374	22.753458	0.012110	1.878927	153
3866.228253	13.428915	0.012113	1.108642	154
3867.282929	21.621588	0.012104	1.786299	155
3868.316018	13.509430	0.012100	1.116498	156
3869.379062	21.317627	0.012124	1.758370	157
3870.403467	12.337167	0.012114	1.018437	158
3871.475390	22.113411	0.012106	1.826635	159
3872.494355	13.237435	0.012108	1.093282	160
3873.569854	20.207092	0.012115	1.667975	161
3874.585518	14.453245	0.012106	1.193922	162
3875.660286	19.517832	0.012087	1.614792	163
3876.685416	13.505002	0.012104	1.115779	164
3877.747846	19.747147	0.012113	1.630200	165
3878.778295	14.357292	0.012109	1.185647	166
3879.839990	17.839115	0.012104	1.473768	167
3880.875353	13.411490	0.012101	1.108287	168
3881.927868	18.904552	0.012111	1.560965	169
3882.969238	13.417995	0.012133	1.105870	170
3884.019124	18.026089	0.012114	1.488040	171
3885.065238	13.335707	0.012133	1.099138	172
3886.107956	18.758392	0.012140	1.545163	173
3887.154200	13.452703	0.012091	1.112637	174
3888.203934	18.640789	0.012128	1.537045	175
3889.248810	11.680882	0.012107	0.964795	176
3890.296004	38.721424	0.012115	3.196053	177
3891.339177	12.127090	0.012128	0.999959	178
3892.386041	19.045910	0.012090	1.575402	179
3893.433549	11.982165	0.012111	0.989364	180
3894.481252	16.213047	0.012110	1.338868	181
3895.526117	12.663493	0.012109	1.045804	182
3896.569117	18.452091	0.012114	1.523218	183
3897.616913	12.474486	0.012094	1.031480	184
3898.663111	18.169132	0.012100	1.501637	185
3899.709029	12.056437	0.012106	0.995931	186
3900.758355	17.399904	0.012085	1.439739	187
3901.797515	12.084260	0.012138	0.995549	188
3902.853442	78.247833	0.012094	6.470054	189
3903.887465	12.843121	0.012119	1.059791	190
3904.950410	16.648333	0.012103	1.375591	191
3905.977645	11.990085	0.012121	0.989218	192
3907.047195	17.040361	0.012099	1.408380	193
3908.066065	11.065861	0.012103	0.914333	194
3909.141244	17.336714	0.012119	1.430518	195
3910.158036	10.816312	0.012087	0.894842	196
3911.230591	18.183743	0.012107	1.501912	197
3912.253539	9.413459	0.012103	0.777766	198
3913.320346	17.956400	0.012095	1.484630	199
3914.348589	8.887352	0.012139	0.732133	200
3915.408988	18.086632	0.012102	1.494483	201
3916.447432	8.803217	0.012125	0.726030	202
3917.497261	18.021936	0.012108	1.488418	203
3918.539659	10.297478	0.012080	0.852444	204
3919.587111	15.499782	0.012102	1.280794	205
3920.632050	10.794389	0.012088	0.893021	206
3921.676226	17.232054	0.012117	1.422171	207
3922.727914	9.937729	0.012083	0.822477	208
3923.770234	16.518393	0.012130	1.361805	209
3924.811356	12.492628	0.012103	1.032228	210
3925.861545	17.113646	0.012108	1.413395	211
3926.908855	10.112038	0.012099	0.835748	212
3927.958817	14.541356	0.012132	1.198583	213
3928.998267	11.059414	0.012119	0.912536	214
3930.051527	15.687433	0.012127	1.293599	215
3931.091499	10.465244	0.012137	0.862290	216
3932.139468	15.825079	0.012143	1.303179	217
3933.185676	10.145531	0.012100	0.838501	218
3934.233515	14.775662	0.012105	1.220603	219
3935.277802	10.039098	0.012172	0.824771	220
3936.325068	15.186454	0.012101	1.255004	221
3937.369875	9.865861	0.012131	0.813281	222
3938.417230	14.723549	0.012091	1.217693	223
3939.463265	9.205803	0.012123	0.759370	224
3940.509787	15.422827	0.012103	1.274249	225
3941.554393	9.712874	0.012128	0.800844	226
3942.599895	16.181070	0.012099	1.337380	227
3943.644190	9.078800	0.012100	0.750330	228
3944.695905	13.959344	0.012099	1.153783	229
3945.733835	8.428132	0.012101	0.696485	230
3946.793440	15.826405	0.012124	1.305425	231
3947.820722	8.197946	0.012100	0.677537	232
3948.887704	15.495856	0.012089	1.281860	233
3949.910184	8.179856	0.012085	0.676888	234
3950.983156	14.728451	0.012092	1.218005	235
3952.002254	7.999228	0.012098	0.661220	236
3953.074540	15.354011	0.012097	1.269241	237
3954.093250	9.675996	0.012101	0.799577	238
3955.163682	14.656100	0.012104	1.210808	239
3956.187868	8.911835	0.012104	0.736277	240
3957.255791	15.025247	0.012100	1.241796	241
3958.281817	8.460151	0.012093	0.699570	242
3959.347941	157.990540	0.012102	13.055371	243
3960.378189	8.852411	0.012123	0.730195	244
3961.436186	13.853105	0.012087	1.146103	245
3962.470852	9.354540	0.012127	0.771403	246
3963.526882	13.830577	0.012131	1.140106	247
3964.563657	9.110204	0.012079	0.754195	248
3965.617161	13.562109	0.012116	1.119314	249
3966.655141	7.252178	0.012094	0.599657	250
3967.707849	14.306164	0.012122	1.180161	251
3968.746369	9.454963	0.012105	0.781082	252
3969.800030	13.330014	0.012099	1.101730	253
3970.841236	8.674989	0.012081	0.718074	254
3971.894026	13.117702	0.012096	1.084429	255
3972.930919	9.185121	0.012091	0.759666	0
3973.987891	12.518769	0.012113	1.033531	1
3975.023402	8.581907	0.012093	0.709660	2
3976.079149	13.392917	0.012120	1.105037	3
3977.113462	8.497924	0.012099	0.702390	4
3978.174756	12.442194	0.012108	1.027600	5
3979.203907	8.311775	0.012091	0.687451	6
3980.266164	13.302176	0.012128	1.096807	7
3981.294057	8.272548	0.012101	0.683639	8
3982.360607	13.720098	0.012085	1.135304	9
3983.382605	8.630089	0.012076	0.714660	10
3984.454499	13.638814	0.012106	1.126601	11
3985.474591	7.225558	0.012113	0.596534	12
3986.545346	14.332053	0.012117	1.182824	13
3987.566117	7.332241	0.012094	0.606266	14
3988.637892	14.262930	0.012124	1.176437	15
3989.659532	6.993983	0.012097	0.578150	16
3990.725640	14.688216	0.012099	1.213991	17
3991.755937	7.173885	0.012100	0.592898	18
3992.815403	15.218905	0.012080	1.259846	19
3993.843943	8.780800	0.012100	0.725664	20
3994.905316	14.129583	0.012132	1.164626	21
3995.944207	6.854714	0.012100	0.566489	22
3996.995153	13.209100	0.012097	1.091900	23
3998.039374	7.371682	0.012113	0.608574	24
3999.085792	12.939592	0.012106	1.068901	25
4000.131799	7.461666	0.012106	0.616378	26
4001.175595	13.332442	0.012100	1.101873	27
4002.223454	7.681652	0.012100	0.634872	28
4003.267471	12.371268	0.012092	1.023059	29
4004.315334	7.659500	0.012131	0.631381	30
4005.360867	11.986433	0.012124	0.988687	31
4006.406342	7.750631	0.012105	0.640309	32
4007.452042	12.046268	0.012093	0.996159	33
4008.499869	8.437002	0.012073	0.698856	34
4009.544770	11.673188	0.012115	0.963565	35
4010.592011	7.153792	0.012101	0.591185	36
4011.634987	11.994666	0.012095	0.991745	37
4012.684397	6.839853	0.012093	0.565600	38
4013.727106	12.135620	0.012098	1.003101	39
4014.773316	7.047819	0.012096	0.582648	40
4015.820970	12.097219	0.012121	0.998028	41
4016.866429	7.137440	0.012086	0.590539	42
4017.911605	12.756633	0.012089	1.055267	43
4018.959516	95.742821	0.012102	7.911635	44
4020.006049	12.977023	0.012111	1.071481	45
4021.048381	6.609339	0.012126	0.545047	46
4022.100266	13.615499	0.012146	1.121020	47
4023.136984	6.555039	0.012119	0.540871	48
4024.193821	13.141702	0.012091	1.086922	49
4025.228352	5.479012	0.012112	0.452366	50
4026.288925	13.001352	0.012155	1.069604	51
4027.316141	6.154975	0.012097	0.508818	52
4028.383009	12.946394	0.012093	1.070544	53
4029.407490	6.698342	0.012073	0.554834	54
4030.475527	12.302711	0.012096	1.017077	55
4031.496918	6.297441	0.012114	0.519854	56
4032.567660	12.967371	0.012064	1.074877	57
4033.589609	6.078597	0.012089	0.502812	58
4034.659564	12.763713	0.012107	1.054269	59
4035.682972	6.336311	0.012091	0.524069	60
4036.751084	11.299772	0.012100	0.933899	61
4037.774477	7.830723	0.012061	0.649286	62
4038.838091	12.510711	0.012137	1.030782	63
4039.867297	6.682165	0.012096	0.552450	64
4040.933177	11.506709	0.012115	0.949802	65
4041.960773	6.792476	0.012090	0.561836	66
4043.024496	11.344910	0.012088	0.938488	67
4044.052541	7.942612	0.012078	0.657596	68
4045.115189	11.711518	0.012122	0.966132	69
4046.145230	7.141232	0.012096	0.590389	70
4047.208270	11.147907	0.012103	0.921077	71
4048.236799	6.493991	0.012090	0.537120	72
4049.300836	10.633181	0.012117	0.877522	73
4050.330957	5.837418	0.012109	0.482053	74
4051.392336	11.421732	0.012088	0.944855	75
4052.418313	6.453998	0.012115	0.532720	76
4053.484559	11.491175	0.012088	0.950642	77
4054.509043	6.071269	0.012096	0.501932	78
4055.578459	11.178735	0.012090	0.924628	79
4056.599238	7.580225	0.012102	0.626360	80
4057.670457	11.426094	0.012090	0.945118	81
4058.691695	6.199676	0.012097	0.512480	82
4059.762770	11.474176	0.012093	0.948790	83
4060.782408	5.861149	0.012090	0.484804	84
4061.853075	12.216820	0.012076	1.011641	85
4062.875153	6.790340	0.012068	0.562688	86
4063.946482	11.635339	0.012096	0.961913	87
4064.968991	5.624441	0.012100	0.464835	88
4066.037534	11.436953	0.012115	0.944066	89
4067.062445	5.468104	0.012101	0.451880	90
4068.124782	12.190003	0.012088	1.008411	91
4069.156555	5.260958	0.012123	0.433958	92
4070.213043	12.554934	0.012100	1.037565	93
4071.251256	5.301909	0.012099	0.438201	94
4072.303369	11.974564	0.012091	0.990385	95
4073.345026	5.585784	0.012123	0.460744	96
4074.393709	11.342540	0.012122	0.935681	97
4075.437599	6.063348	0.012162	0.498561	98
4076.485147	10.575303	0.012121	0.872444	99
4077.532228	5.865100	0.012099	0.484760	100
4078.573563	11.283079	0.012103	0.932263	101
4079.622897	6.277773	0.012124	0.517795	102
4080.668206	9.876781	0.012109	0.815643	103
4081.714718	6.252709	0.012157	0.514319	104
4082.762309	9.453930	0.012109	0.780704	105
4083.807026	6.397282	0.012124	0.527663	106
4084.851106	10.578401	0.012093	0.874722	107
4085.899478	5.286403	0.012120	0.436163	108
4086.941588	10.779840	0.012093	0.891404	109
4087.991824	5.769759	0.012097	0.476966	110
4089.034500	10.213432	0.012089	0.844873	111
4090.083045	5.973204	0.012125	0.492638	112
4091.126751	10.669518	0.012092	0.882393	113
4092.174063	5.819925	0.012118	0.480272	114
4093.217747	11.328306	0.012095	0.936580	115
4094.264555	6.732413	0.012100	0.556396	116
4095.311964	10.759809	0.012106	0.888797	117
4096.354568	6.008236	0.012102	0.496453	118
4097.404253	11.428371	0.012112	0.943530	119
4098.443400	5.407083	0.012098	0.446935	120
4099.499474	11.443787	0.012116	0.944525	121
4100.534074	4.981959	0.012100	0.411720	122
4101.594797	10.819237	0.012109	0.893473	123
4102.625865	5.433418	0.012099	0.449089	124
4103.686186	11.308461	0.012124	0.932745	125
4104.722814	3.588489	0.012090	0.296819	126
4105.779525	11.298480	0.012095	0.934151	127
4106.805046	4.811569	0.012098	0.397715	128
4107.874468	11.027124	0.012116	0.910095	129
4108.896889	4.551922	0.012114	0.375749	130
4109.966301	10.495859	0.012107	0.866908	131
4110.987578	4.990705	0.012121	0.411739	132
4112.057539	10.512951	0.012119	0.867498	133
4113.081451	5.299280	0.012096	0.438117	134
4114.149629	9.983007	0.012114	0.824086	135
