num crossings	time (s)	maj axis (mm)	min axis (mm)	theta (rad )	slope (V/s)
410483	429888.301169	37.407616	-11.650426	2.197868	3.044709
410485	429890.395118	39.608172	-7.330514	2.206007	2.875871
410487	429892.488077	38.913797	-11.358952	2.231639	3.037346
410489	429894.577633	38.804002	12.089316	2.177991	3.130630
410491	429896.668702	38.777554	11.889783	2.175657	2.858199
410493	429898.761632	39.013218	11.637165	2.177622	2.972338
410495	429900.849993	39.029510	12.030594	2.181194	3.106604
410497	429902.944305	39.222482	11.924947	2.181007	3.090827
410499	429905.036867	39.310504	11.700747	2.181182	3.207713
410501	429907.126569	38.995959	11.666621	2.174407	3.264954
410503	429909.219886	39.761281	11.613985	2.177524	2.911694
410505	429911.310242	39.695119	11.571804	2.181305	3.359776
410507	429913.397989	39.752393	11.521733	2.185470	3.326737
410509	429915.491956	39.551474	11.507936	2.181872	2.722280
410511	429917.582547	39.571604	11.882057	2.187131	3.796722
410513	429919.673741	39.642136	11.477138	2.181894	2.972970
410515	429921.766191	39.663824	11.453405	2.184788	3.549389
410517	429923.855490	40.117032	-10.879322	2.233219	3.492611
410519	429925.947601	39.842627	11.584797	2.184493	3.390055
410521	429928.038287	40.167267	11.343526	2.182824	3.318875
410523	429930.132148	40.065858	11.315148	2.177504	3.256551
410525	429932.226681	40.698171	11.842726	2.189115	3.177128
410527	429934.315638	40.590613	11.154594	2.179480	3.745780
410529	429936.407896	40.576784	11.293281	2.178200	2.999551
410531	429938.500699	38.767392	-10.546074	2.134383	3.292836
410533	429940.589763	40.659430	-6.254044	2.212048	3.685300
410535	429942.683192	40.515963	11.201189	2.181964	2.888273
410537	429944.776069	40.914157	11.076030	2.176345	3.305216
410539	429946.870974	40.887661	-10.698867	2.232587	3.889934
410541	429948.958807	40.997026	11.011203	2.177663	3.625882
410543	429951.053246	40.829375	11.036587	2.180771	3.211578
410545	429953.144391	41.241581	10.975634	2.179778	3.154072
410547	429955.237555	41.093988	10.971269	2.175575	3.594242
410549	429957.325974	41.482689	11.000271	2.177471	3.871709
410551	429959.416133	41.549577	11.441978	2.185434	3.425599
410553	429961.506677	41.546872	10.864093	2.178561	3.148585
410555	429963.600731	41.323373	10.919807	2.179522	3.355814
410557	429965.693329	41.585411	10.889643	2.179699	3.877437
410559	429967.782448	41.352070	10.869323	2.177906	3.615880
410561	429969.875164	41.498002	10.790353	2.176023	3.580653
410563	429971.965505	41.744836	10.732237	2.176915	3.908532
410565	429974.055733	41.916294	10.755320	2.180904	3.864793
410567	429976.146134	42.023603	-10.353865	2.230223	3.746550
410569	429978.237670	41.886604	10.913989	2.181873	3.916500
410571	429980.331167	42.144069	10.765002	2.179806	3.578660
410573	429982.423476	42.404944	10.678808	2.179638	3.921548
410575	429984.514854	42.438710	10.630103	2.179987	3.878846
410577	429986.606058	42.307331	10.916844	2.183811	3.357076
410579	429988.698997	42.246534	10.769601	2.177834	3.691008
410581	429990.787570	42.471723	-10.077464	2.233764	3.923431
410583	429992.879135	42.305367	10.587476	2.178709	3.421693
410585	429994.972070	42.627663	10.512808	2.180229	3.405722
410587	429997.065073	42.866925	-10.133038	2.229335	3.586498
410589	429999.157343	42.672504	10.692379	2.183378	4.008679
410591	430001.247133	42.770660	10.582123	2.182235	4.126439
410593	430003.337717	43.017742	-10.017749	2.230968	3.886491
410595	430005.427069	43.317819	10.408574	2.179126	3.572038
410597	430007.524560	43.185748	10.411053	2.179756	3.951893
410599	430009.615388	43.155578	10.428188	2.181636	4.096944
410601	430011.704640	43.264151	10.960184	2.186289	3.721661
410603	430013.797499	43.391260	-9.921983	2.228999	3.360404
410605	430015.890707	43.192860	10.560799	2.178962	4.082954
410607	430017.978421	43.238978	10.335093	2.176699	4.304496
410609	430020.068403	43.889334	10.343061	2.180054	3.821084
410611	430022.163276	43.456900	10.423731	2.183093	3.684743
410613	430024.255171	44.133386	10.781546	2.186110	4.319084
410615	430026.345159	43.914476	-9.824942	2.224830	4.178339
410617	430028.437191	43.765716	10.290360	2.176369	3.725808
410619	430030.530401	44.167556	10.074913	2.174584	3.828857
410621	430032.622981	43.873509	9.951417	2.170823	4.101444
410623	430034.713490	43.942984	10.275432	2.176338	4.346490
410625	430036.804179	44.071146	10.063117	2.175367	4.021683
410627	430038.895477	44.186917	10.075702	2.174276	3.635241
410629	430040.987893	44.064226	10.162511	2.174033	3.944390
410631	430043.078958	44.482381	9.970686	2.170992	3.835971
410633	430045.170194	44.616298	10.038484	2.172521	4.089387
410635	430047.262745	44.784722	10.004245	2.174246	4.281817
410637	430049.353132	44.448826	10.262173	2.176765	4.492068
410639	430051.441186	45.148839	9.973144	2.175430	4.856792
410641	430053.534003	44.861250	9.988782	2.175667	4.423795
410643	430055.627015	44.554203	10.083812	2.176062	4.357807
410645	430057.720188	45.247268	10.003039	2.172688	4.218655
410647	430059.811525	45.148164	9.885313	2.173167	4.137006
410649	430061.904040	45.060066	10.084956	2.175836	3.953554
410651	430063.996456	45.345221	9.961890	2.176012	3.995929
410653	430066.087765	45.208024	9.924099	2.172200	4.207267
410655	430068.179456	45.089854	10.037608	2.172909	4.072408
410657	430070.270620	45.321536	9.757672	2.170295	4.502701
410659	430072.362563	45.123474	10.910122	2.179764	4.497143
410661	430074.454177	45.366003	9.823639	2.170328	4.496413
410663	430076.544018	45.261398	9.945737	2.171109	4.196587
410665	430078.635866	45.339339	9.793807	2.169249	4.038707
410667	430080.729555	45.453551	9.919362	2.171581	4.204753
410669	430082.821685	46.174939	9.695763	2.171067	4.430601
410671	430084.911052	45.978563	9.909878	2.172482	4.666040
410673	430087.002565	45.919010	9.868797	2.171367	3.955114
410675	430089.096067	46.139913	10.330985	2.174925	3.801169
410677	430091.188060	45.968802	9.783770	2.169575	4.627885
410679	430093.276804	45.933595	9.903337	2.171016	4.943095
410681	430095.366121	45.940032	9.814037	2.165089	4.246502
410683	430097.459296	46.191981	9.809717	2.167365	4.241147
410685	430099.550335	46.047293	9.675888	2.166517	4.754237
410687	430101.641733	46.467662	9.744767	2.168368	4.609898
410689	430103.733796	46.457746	9.635248	2.166638	4.164106
410691	430105.827667	46.609064	9.649142	2.164731	4.120498
410693	430107.920046	46.663041	9.555188	2.164032	4.845666
410695	430110.011096	46.539590	10.141409	2.170101	4.964922
410697	430112.101988	46.350641	9.609738	2.163407	4.684609
410699	430114.192461	46.646231	9.582493	2.162672	4.282159
410701	430116.284605	46.643623	9.746202	2.164273	4.076816
410703	430118.376630	47.040277	9.665226	2.164136	4.378012
410705	430120.468809	47.068623	9.545740	2.160804	4.546894
410707	430122.561104	46.940179	9.574505	2.161469	4.783583
410709	430124.650580	47.100719	9.561567	2.163867	5.038095
410711	430126.741680	46.891886	9.431461	2.162718	4.932994
410713	430128.834316	47.027243	9.550650	2.162119	4.531406
410715	430130.925373	47.609665	9.517472	2.162210	4.739937
410717	430133.017062	47.835114	9.535567	2.162452	4.501577
410719	430135.110486	47.705678	9.527666	2.161547	4.422007
410721	430137.202820	47.672902	9.430327	2.161177	4.548968
410723	430139.295248	47.879754	-9.086519	2.203887	4.674133
410725	430141.386775	47.761182	9.352601	2.158195	4.686835
410727	430143.477743	47.674250	9.433390	2.160448	4.921512
410729	430145.570272	47.536333	9.295775	2.157619	4.841035
410731	430147.660998	47.727698	9.572231	2.158471	4.702292
410733	430149.753373	47.936366	9.358844	2.158390	4.619892
410735	430151.844782	47.951622	9.407844	2.157720	4.812673
410737	430153.935346	48.337573	9.384561	2.158147	4.688345
410739	430156.027329	48.533398	-9.020359	2.201858	4.791143
410741	430158.118408	48.219475	9.398282	2.156901	4.708252
410743	430160.209692	48.387834	9.435114	2.156557	4.675880
410745	430162.301604	48.574582	-9.000394	2.199773	4.531302
410747	430164.392562	48.333924	9.448177	2.154003	5.163490
410749	430166.482961	48.161254	9.629548	2.152267	5.084609
410751	430168.574333	48.023818	9.315318	2.149888	4.836325
410753	430170.665850	48.404985	9.447788	2.151054	4.762470
410755	430172.757485	48.522525	9.283729	2.148792	5.020790
410757	430174.848521	48.676152	9.482394	2.150373	5.154531
410759	430176.941238	48.630843	9.253788	2.148870	4.895364
410761	430179.033646	48.994569	9.381988	2.148521	4.730483
410763	430181.125417	49.083762	9.287285	2.145478	5.063653
410765	430183.216805	47.289820	-9.069342	2.157346	5.098072
410767	430185.308097	48.935847	-4.932631	2.186271	4.996219
410769	430187.399738	49.014004	9.539247	2.146138	4.844984
410771	430189.491297	49.043097	9.327504	2.145446	5.175821
