time (s)	coil I (A)	last det (V)	int current (uC)
434253.008474	0.470782	424.316406	-4.882812
434253.010473	0.821234	424.316406	-4.882812
434253.012474	0.936632	424.316406	-4.882812
434253.014476	0.933433	10.267759	0.259223
434254.058526	0.737553	117.382812	-429.589844
434254.060527	0.935412	117.382812	-429.589844
434254.062528	0.934510	10.279609	0.593232
434255.106582	0.644410	438.671875	-8.984375
434255.108584	0.916805	438.671875	-8.984375
434255.110585	0.933765	438.671875	-8.984375
434255.112585	0.931376	10.245134	0.269782
434256.123553	0.838138	135.937500	-319.531250
434256.125555	0.935747	135.937500	-319.531250
434256.127555	0.932550	10.258047	0.266991
434257.202175	0.360088	426.562500	-3.417969
434257.204177	0.723038	426.562500	-3.417969
434257.210178	0.932359	426.562500	-3.417969
434257.212180	0.931080	426.562500	-3.417969
434257.214179	0.930292	10.233214	0.220932
434258.218263	1.559899	129.296875	-344.140625
434258.220263	0.772269	129.296875	-344.140625
434258.222264	0.937351	129.296875	-344.140625
434258.224264	0.934888	10.283766	0.228654
434259.300287	0.535784	420.019531	0.585937
434259.302289	0.866463	420.019531	0.585937
434259.304288	0.934469	420.019531	0.585937
434259.306289	0.931570	10.247270	0.214172
434260.316283	0.569409	137.011719	-322.265625
434260.318283	0.885704	137.011719	-322.265625
434260.320284	0.934439	137.011719	-322.265625
434260.322284	0.931669	10.248361	0.203960
434261.396826	0.424597	403.417969	2.148437
434261.400826	0.936270	403.417969	2.148437
434261.402829	0.933373	403.417969	2.148437
434261.404828	0.931377	10.245143	0.228478
434262.412896	0.472529	130.371094	-379.589844
434262.414896	0.823135	130.371094	-379.589844
434262.418895	0.936070	130.371094	-379.589844
434262.420897	0.934213	10.276347	0.211073
434263.496963	0.900934	403.027344	-2.246094
434263.498964	0.933882	403.027344	-2.246094
434263.500966	0.931356	10.244913	0.225664
434264.511542	0.741345	125.390625	-402.441406
434264.513544	0.933880	125.390625	-402.441406
434264.515545	0.932393	10.256328	0.220510
434265.593607	0.850410	387.695312	-0.976562
434265.595608	0.935291	387.695312	-0.976562
434265.597609	0.932227	10.254501	0.195735
434266.607676	0.558301	121.679687	-416.992187
434266.609678	0.879735	121.679687	-416.992187
434266.611677	0.934583	121.679687	-416.992187
434266.613678	0.931698	10.248679	0.199985
434267.689752	0.690323	393.457031	2.832031
434267.691753	0.928351	393.457031	2.832031
434267.693754	0.933637	393.457031	2.832031
434267.695753	0.931424	10.245667	0.421127
434268.704733	0.541064	120.410156	-409.960937
434268.706733	0.869536	120.410156	-409.960937
434268.708735	0.934356	120.410156	-409.960937
434268.710733	0.931460	10.246057	0.185199
434269.786761	0.664840	385.253906	4.589844
434269.788763	0.922163	385.253906	4.589844
434269.790765	0.933031	385.253906	4.589844
434269.792764	0.930747	10.238222	0.192423
434270.803283	0.445171	125.488281	-417.187500
434270.805285	0.935542	125.488281	-417.187500
434270.807285	0.932387	10.256256	0.174176
434271.881859	0.287374	367.480469	5.468750
434271.883862	0.653909	367.480469	5.468750
434271.885861	0.919851	367.480469	5.468750
434271.887861	0.934200	367.480469	5.468750
434271.889861	0.931763	10.249397	0.188681
434272.899883	0.689960	123.535156	-443.750000
434272.901884	0.927931	123.535156	-443.750000
434272.903884	0.933148	123.535156	-443.750000
434272.905885	0.930916	10.240074	0.408772
434273.946446	0.323601	395.117187	1.269531
434273.948448	0.688317	395.117187	1.269531
434273.950448	0.928442	395.117187	1.269531
434273.952448	0.934130	395.117187	1.269531
434273.954448	0.931783	10.249619	0.257157
434274.998538	0.900471	120.117187	-445.898437
434275.000540	0.933965	120.117187	-445.898437
434275.002541	0.931391	10.245303	0.151442
434276.044535	0.498247	392.578125	0.097656
434276.046540	0.841567	392.578125	0.097656
434276.048538	0.935347	392.578125	0.097656
434276.050543	0.932080	10.252880	0.238689
434277.060619	0.545083	127.929687	-405.371094
434277.062627	0.872007	127.929687	-405.371094
434277.064634	0.934320	127.929687	-405.371094
434277.066632	0.931440	10.245843	0.236894
434278.140705	0.316205	398.535156	-2.832031
434278.142708	0.681282	398.535156	-2.832031
434278.144708	0.690734	398.535156	-2.832031
434278.146707	0.933409	398.535156	-2.832031
434278.148708	0.931228	10.243512	0.221779
434279.157267	0.456816	125.976562	-411.914062
434279.159270	0.809903	125.976562	-411.914062
434279.163268	0.932704	125.976562	-411.914062
434279.165270	0.930975	10.240721	0.242335
434280.239318	0.584417	375.585937	-0.097656
434280.241320	0.893495	375.585937	-0.097656
434280.243321	0.934642	375.585937	-0.097656
434280.245320	0.931987	10.251852	0.184807
434281.257418	0.914065	116.699219	-472.851562
434281.259419	0.933865	116.699219	-472.851562
434281.261419	0.931443	10.245871	0.200859
434282.335445	0.398399	380.175781	-1.074219
434282.337449	0.758862	380.175781	-1.074219
434282.339448	0.766221	380.175781	-1.074219
434282.341448	0.933811	10.271916	0.198316
434283.351459	0.436540	119.921875	-453.710937
434283.353461	0.793015	119.921875	-453.710937
434283.355461	0.936540	119.921875	-453.710937
434283.357461	0.933433	10.267759	0.206422
434284.433487	0.560313	374.804687	-0.292969
434284.435490	0.880868	374.804687	-0.292969
434284.437489	0.934702	374.804687	-0.292969
434284.439490	0.931895	10.250842	0.170912
434285.450034	0.691340	116.601562	-475.585937
434285.452034	0.928214	116.601562	-475.585937
434285.454035	0.933149	116.601562	-475.585937
434285.456034	0.931012	10.241129	0.412399
434286.532070	0.809897	367.968750	1.660156
434286.534074	0.935867	367.968750	1.660156
434286.536073	0.932536	10.257896	0.164269
434287.546594	0.585640	116.796875	-484.960937
434287.548594	0.894114	116.796875	-484.960937
434287.550595	0.934723	116.796875	-484.960937
434287.552594	0.932057	10.252623	0.164122
434288.596694	0.843048	400.781250	1.660156
434288.598696	0.848479	400.781250	1.660156
434288.600695	0.931771	10.249486	0.260744
434289.643654	0.569434	117.089844	-490.820312
434289.645654	0.885505	117.089844	-490.820312
434289.647657	0.933992	117.089844	-490.820312
434289.651654	0.929917	10.229085	0.146245
434290.691707	0.475641	385.156250	4.785156
434290.693709	0.824914	385.156250	4.785156
434290.695708	0.936427	385.156250	4.785156
434290.697707	0.933245	10.265695	0.233064
434291.743755	0.934105	110.156250	-534.667969
434291.745756	0.932731	110.156250	-534.667969
434291.747757	0.930788	10.238666	0.153316
434292.789781	0.641482	374.121094	5.859375
434292.793784	0.933197	374.121094	5.859375
434292.795784	0.930929	374.121094	5.859375
434292.797783	0.929611	10.225717	0.255378
434293.807850	1.009910	119.238281	-458.593750
434293.809851	0.933031	119.238281	-458.593750
434293.811852	0.930809	10.238895	0.432034
434294.885912	0.457780	379.296875	5.859375
434294.887912	0.811328	379.296875	5.859375
434294.889913	0.940291	379.296875	5.859375
434294.891912	0.937206	10.309271	0.225614
434295.904474	0.897410	120.117187	-446.093750
434295.906477	0.934080	120.117187	-446.093750
434295.910474	0.930051	10.230556	0.204667
434296.982512	0.355340	368.945312	3.515625
434296.984529	0.718386	368.945312	3.515625
434296.986533	0.933239	368.945312	3.515625
434296.988534	0.933612	368.945312	3.515625
434296.990532	0.931437	10.245808	0.199220
434297.998599	0.409188	118.847656	-473.730469
434298.000601	0.768770	118.847656	-473.730469
434298.002601	0.935124	118.847656	-473.730469
434298.004603	0.932408	10.256487	0.203504
434299.082663	0.869260	357.519531	2.050781
434299.086664	0.931630	357.519531	2.050781
434299.088665	0.930166	10.231823	0.170286
434300.098705	0.891274	111.621094	-515.332031
434300.100707	0.934601	111.621094	-515.332031
434300.102709	0.931936	10.251293	0.173948
434301.178748	0.707827	348.339844	4.589844
434301.180750	0.931284	348.339844	4.589844
434301.182748	0.933315	348.339844	4.589844
434301.184750	0.931203	10.243237	0.171434
434302.192876	0.402319	113.281250	-520.800781
434302.194878	0.762428	113.281250	-520.800781
434302.196878	0.935366	113.281250	-520.800781
434302.198878	0.932905	10.261955	0.168956
434303.276953	0.865414	352.343750	7.031250
434303.278954	0.935303	352.343750	7.031250
434303.280955	0.932263	10.254892	0.166371
434304.291921	0.535937	117.773437	-491.992187
434304.293923	0.934915	117.773437	-491.992187
434304.295924	0.933416	10.267573	0.157695
434305.338485	0.380265	387.402344	5.859375
434305.340486	0.742003	387.402344	5.859375
434305.342487	0.935225	387.402344	5.859375
434305.344486	0.933938	10.273316	0.239636
434306.388510	0.644368	100.781250	-564.257812
434306.392511	0.936557	100.781250	-564.257812
434306.394512	0.934114	100.781250	-564.257812
434306.396512	0.932624	10.258862	0.130524
434307.438568	0.874660	379.980469	5.566406
434307.440570	0.933716	379.980469	5.566406
434307.444567	0.929458	10.224042	0.227968
434308.484613	1.511435	98.144531	-578.417969
434308.486613	0.807776	98.144531	-578.417969
434308.488612	0.936295	98.144531	-578.417969
434308.490613	0.932993	10.262921	0.117621
434309.532671	1.534988	374.414062	3.125000
434309.534676	0.721592	374.414062	3.125000
434309.536680	0.932360	374.414062	3.125000
434309.538681	0.932500	10.257498	0.210751
434310.550729	0.764868	122.167969	-461.523437
434310.552731	0.934679	122.167969	-461.523437
434310.554731	0.932011	10.252118	0.212249
434311.631324	0.631644	361.328125	2.832031
434311.633327	0.912552	361.328125	2.832031
434311.635327	0.933886	361.328125	2.832031
434311.637326	0.931413	10.245543	0.169498
434312.646266	0.476210	118.554687	-483.007812
434312.648269	0.825042	118.554687	-483.007812
434312.650269	0.935073	118.554687	-483.007812
434312.652268	0.931819	10.250009	0.174371
434313.728817	0.691186	351.855469	3.417969
434313.730819	0.928512	351.855469	3.417969
434313.732817	0.929399	351.855469	3.417969
434313.736816	0.930110	10.231212	0.410639
434314.743417	0.475272	110.644531	-529.394531
434314.745420	0.824517	110.644531	-529.394531
434314.747419	0.935987	110.644531	-529.394531
434314.749419	0.932712	10.259837	0.175137
434315.825456	0.599292	333.691406	5.566406
434315.827457	0.899892	333.691406	5.566406
434315.829456	0.933880	333.691406	5.566406
434315.831456	0.931357	10.244930	0.165526
434316.843452	0.913079	107.910156	-548.828125
434316.845454	0.933261	107.910156	-548.828125
434316.847454	0.930838	10.239223	0.172400
434317.923535	0.765946	341.894531	6.054687
434317.925537	0.935529	341.894531	6.054687
434317.927537	0.932920	10.262115	0.140351
434318.940465	0.903418	111.523437	-536.328125
434318.942468	0.933699	111.523437	-536.328125
434318.944467	0.931168	10.242847	0.159319
434320.021070	0.825220	333.105469	6.445312
434320.023066	0.935822	333.105469	6.445312
434320.025073	0.932588	10.258463	0.133831
434321.035618	0.608164	109.375000	-543.261719
434321.037620	0.904033	109.375000	-543.261719
434321.039619	0.934802	109.375000	-543.261719
434321.041620	0.932178	10.253962	0.140840
434322.084207	0.611237	345.996094	6.250000
434322.086208	0.904592	345.996094	6.250000
434322.088207	0.933392	345.996094	6.250000
434322.090207	0.930947	10.240419	0.213275
434323.132240	0.514860	104.589844	-567.968750
434323.134241	0.852795	104.589844	-567.968750
434323.136242	0.934613	104.589844	-567.968750
434323.138241	0.931626	10.247882	0.118603
434324.181201	0.583202	348.437500	4.687500
434324.183206	0.892420	348.437500	4.687500
434324.185205	0.933782	348.437500	4.687500
434324.187205	0.931203	10.243229	0.205050
434325.229218	0.483295	99.609375	-586.328125
434325.231220	0.830564	99.609375	-586.328125
434325.233220	0.835351	99.609375	-586.328125
434325.235220	0.932362	10.255981	0.102568
434326.282204	0.934638	335.058594	5.371094
434326.284208	0.931798	10.249779	0.187431
434327.294257	0.599171	118.164062	-496.484375
434327.298259	0.933729	118.164062	-496.484375
434327.300261	0.931214	118.164062	-496.484375
434327.302260	0.929851	10.228358	0.180093
434328.376273	0.719513	331.445312	4.980469
434328.378272	0.931966	331.445312	4.980469
434328.380272	0.932311	331.445312	4.980469
434328.382273	0.930399	10.234385	0.175731
434329.390263	0.392311	106.542969	-556.835937
434329.392265	0.753216	106.542969	-556.835937
434329.394265	0.934574	106.542969	-556.835937
434329.396263	0.932374	10.256115	0.177659
434330.472328	0.526165	341.015625	5.175781
434330.476331	0.934396	341.015625	5.175781
434330.478332	0.931522	341.015625	5.175781
434330.480332	0.929941	10.229350	0.143568
434331.489279	0.729692	104.199219	-564.062500
434331.491283	0.933471	104.199219	-564.062500
434331.493285	0.933039	10.263426	0.145628
434332.569339	0.499264	335.058594	7.421875
434332.571339	0.842097	335.058594	7.421875
434332.573340	0.934654	335.058594	7.421875
434332.575338	0.931550	10.247048	0.144100
434333.585364	0.538776	102.832031	-560.058594
434333.589365	0.934129	102.832031	-560.058594
434333.591366	0.931230	102.832031	-560.058594
434333.593367	0.929736	10.227091	0.126428
434334.666313	0.467810	327.441406	10.839844
434334.668315	0.818951	327.441406	10.839844
434334.670314	0.937363	327.441406	10.839844
434334.672313	0.934229	10.276516	0.145391
434335.682343	0.508918	104.980469	-558.984375
434335.684345	0.521022	104.980469	-558.984375
434335.686345	0.935183	104.980469	-558.984375
434335.688344	0.932059	10.252649	0.125007
434336.730342	0.403800	343.847656	9.960937
434336.732346	0.763818	343.847656	9.960937
434336.734345	0.935096	343.847656	9.960937
434336.738342	0.930634	10.236972	0.185947
434337.778410	0.307031	97.851562	-617.187500
434337.780411	0.672548	97.851562	-617.187500
434337.782412	0.924474	97.851562	-617.187500
434337.784411	0.926329	97.851562	-617.187500
434337.786411	0.931389	10.245276	0.115225
434338.828462	0.575273	350.781250	8.593750
434338.830464	0.586947	350.781250	8.593750
434338.832466	0.934171	350.781250	8.593750
434338.834472	0.931448	10.245932	0.190549
434339.876479	0.474633	100.585937	-604.394531
434339.878482	0.823848	100.585937	-604.394531
434339.880482	0.935832	100.585937	-604.394531
434339.882482	0.932698	10.259678	0.098924
434340.927070	0.827958	331.835937	7.617187
434340.929072	0.936060	331.835937	7.617187
434340.931072	0.932827	10.261096	0.181399
434341.941089	0.515431	105.761719	-567.382812
434341.943089	0.853522	105.761719	-567.382812
434341.945089	0.935562	105.761719	-567.382812
434341.947088	0.932500	10.257498	0.187424
434343.021566	0.357899	337.207031	5.175781
434343.023575	0.720681	337.207031	5.175781
434343.025577	0.932747	337.207031	5.175781
434343.027578	0.932955	10.262505	0.156052
434344.039587	0.757834	99.804687	-597.851562
434344.041588	0.934870	99.804687	-597.851562
434344.043588	0.932538	10.257914	0.160512
434345.119633	0.524368	313.281250	7.421875
434345.121636	0.859066	313.281250	7.421875
434345.123637	0.934478	313.281250	7.421875
434345.125641	0.931541	10.246951	0.130522
434346.135710	2.378159	95.800781	-610.058594
434346.137718	0.886609	95.800781	-610.058594
434346.139722	0.933840	95.800781	-610.058594
434346.141721	0.931194	10.243132	0.128019
434347.215762	0.336880	316.113281	9.863281
434347.217763	0.382181	316.113281	9.863281
434347.219765	0.929989	316.113281	9.863281
434347.221764	0.933252	316.113281	9.863281
434347.223764	0.931090	10.241988	0.142042
434348.235827	0.934355	90.527344	-627.636719
434348.237829	0.932677	10.259447	0.596640
434349.313836	0.507775	312.890625	11.816406
434349.315838	0.847941	312.890625	11.816406
434349.317839	0.934712	312.890625	11.816406
434349.319837	0.931573	10.247305	0.133360
434350.329878	0.549101	93.359375	-622.851562
434350.331879	0.874450	93.359375	-622.851562
434350.333879	0.934475	93.359375	-622.851562
434350.335878	0.931643	10.248068	0.118377
434351.377935	0.456013	345.507812	10.058594
434351.379936	0.809011	345.507812	10.058594
434351.381936	0.935698	345.507812	10.058594
434351.383936	0.932469	10.257160	0.176494
434352.425940	0.349489	95.214844	-627.929687
434352.427958	0.712659	95.214844	-627.929687
434352.429957	0.934980	95.214844	-627.929687
434352.431958	0.936767	95.214844	-627.929687
434352.433958	0.934723	10.281958	0.103169
434353.475991	0.619214	324.023437	10.839844
434353.477992	0.907663	324.023437	10.839844
434353.479992	0.933320	324.023437	10.839844
434353.481991	0.930812	10.238931	0.171352
434354.492058	0.666328	109.570312	-564.746094
434354.494060	0.922436	109.570312	-564.746094
434354.496059	0.932975	109.570312	-564.746094
434354.498060	0.930789	10.238674	0.306693
434355.574114	0.790944	322.753906	10.839844
434355.576118	0.934842	322.753906	10.839844
434355.578116	0.931745	10.249193	0.151927
434356.588137	0.473747	109.375000	-569.335937
434356.590138	0.823231	109.375000	-569.335937
434356.592140	0.935923	109.375000	-569.335937
434356.594140	0.932641	10.259048	0.148507
434357.670180	0.597716	321.484375	11.230469
434357.672185	0.899342	321.484375	11.230469
434357.674184	0.934304	321.484375	11.230469
434357.676182	0.931647	10.248121	0.146911
434358.687113	0.797259	113.085937	-555.468750
434358.691113	0.932627	113.085937	-555.468750
434358.693116	0.930829	10.239117	0.143994
434359.765701	0.298617	308.398437	11.816406
434359.767700	0.664361	308.398437	11.816406
434359.769700	0.921938	308.398437	11.816406
434359.771701	0.932878	308.398437	11.816406
434359.777699	0.928402	10.212423	0.128631
434360.785743	0.931073	99.707031	-619.921875
434360.787745	0.933237	99.707031	-619.921875
434360.789745	0.931104	10.242139	0.428206
434361.831789	0.611464	333.007812	10.546875
434361.833791	0.904575	333.007812	10.546875
434361.837790	0.930826	333.007812	10.546875
434361.839792	0.929542	10.224964	0.208551
434362.883848	0.935486	104.296875	-597.851562
434362.885849	0.932399	10.256390	0.107041
434363.930466	0.860362	325.292969	11.035156
434363.932466	0.934187	325.292969	11.035156
434363.934468	0.931221	10.243433	0.190705
434364.976500	0.429529	100.488281	-618.945312
434364.978501	0.786847	100.488281	-618.945312
434364.980502	0.936520	100.488281	-618.945312
434364.984501	0.931671	10.248378	0.105236
434366.025102	0.433969	331.347656	11.132812
434366.027104	0.790768	331.347656	11.132812
434366.029104	0.936953	331.347656	11.132812
434366.031104	0.933989	10.273884	0.176073
434367.075651	0.785837	94.433594	-640.234375
434367.077654	0.935406	94.433594	-640.234375
434367.079653	0.932422	10.256638	0.089782
434368.122165	0.417306	312.890625	11.914062
434368.124167	0.775983	312.890625	11.914062
434368.126166	0.936091	312.890625	11.914062
434368.128166	0.933262	10.265882	0.171489
434369.138234	0.463495	105.273437	-577.050781
434369.140236	0.815517	105.273437	-577.050781
434369.142235	0.937770	105.273437	-577.050781
434369.144238	0.934705	10.281754	0.148650
434370.220253	0.583372	312.500000	12.988281
434370.222254	0.892541	312.500000	12.988281
434370.224254	0.933917	312.500000	12.988281
434370.226254	0.931301	10.244310	0.151578
434371.236315	0.628370	103.222656	-583.886719
434371.238315	0.911784	103.222656	-583.886719
434371.244317	0.930664	103.222656	-583.886719
434371.246320	0.929761	10.227374	0.138485
434372.316438	0.409937	303.125000	12.695312
434372.318437	0.430212	303.125000	12.695312
434372.320438	0.935796	303.125000	12.695312
434372.322437	0.933193	10.265128	0.137409
434373.332485	0.454469	103.320312	-581.542969
434373.334485	0.470985	103.320312	-581.542969
434373.336487	0.936576	103.320312	-581.542969
434373.338487	0.933434	10.267777	0.132069
434374.414509	0.574915	316.308594	9.765625
434374.416510	0.888145	316.308594	9.765625
434374.418510	0.933535	316.308594	9.765625
434374.420510	0.930938	10.240322	0.127388
434375.434522	0.935122	96.289062	-619.726562
434375.436522	0.932534	96.289062	-619.726562
434375.438524	0.931168	10.242847	0.112692
434376.481048	0.902165	325.292969	7.421875
434376.483048	0.933904	325.292969	7.421875
434376.485048	0.931415	10.245568	0.195502
434377.527074	0.507077	86.718750	-661.230469
434377.529076	0.847494	86.718750	-661.230469
434377.531075	0.934593	86.718750	-661.230469
434377.533077	0.931451	10.245958	0.097564
434378.575136	0.412484	326.074219	6.933594
434378.579136	0.936219	326.074219	6.933594
434378.581138	0.933504	326.074219	6.933594
434378.583137	0.931519	10.246712	0.179085
434379.625176	0.678558	91.406250	-646.777344
434379.627177	0.926154	91.406250	-646.777344
434379.629178	0.933880	91.406250	-646.777344
434379.631178	0.931610	10.247705	0.284132
434380.674175	0.751742	308.203125	9.472656
434380.676174	0.934950	308.203125	9.472656
434380.678176	0.932919	10.262105	0.155281
434381.722223	0.659186	97.167969	-635.253906
434381.724225	0.920566	97.167969	-635.253906
434381.726226	0.923072	97.167969	-635.253906
434381.730233	0.930602	10.236627	0.086130
434382.770247	0.558644	307.910156	12.011719
434382.772249	0.879602	307.910156	12.011719
434382.774250	0.933982	307.910156	12.011719
434382.776251	0.931248	10.243726	0.137603
434383.786249	0.592994	105.175781	-600.292969
434383.788251	0.896808	105.175781	-600.292969
434383.790251	0.933409	105.175781	-600.292969
434383.792250	0.930905	10.239959	0.138860
434384.872317	0.932405	304.394531	12.890625
434384.874320	0.930414	304.394531	12.890625
434384.876319	0.929272	10.221994	0.498609
434385.882830	0.491470	101.171875	-606.738281
434385.886830	0.934665	101.171875	-606.738281
434385.888830	0.931418	101.171875	-606.738281
434385.890832	0.929879	10.228668	0.124593
434386.964900	0.621297	291.699219	13.281250
434386.966903	0.908522	291.699219	13.281250
434386.968905	0.933604	291.699219	13.281250
434386.970903	0.931173	10.242901	0.125776
434387.980939	0.662046	90.917969	-639.453125
434387.984938	0.932792	90.917969	-639.453125
434387.986940	0.930562	90.917969	-639.453125
434387.988937	0.929264	10.221906	0.122080
434389.061029	1.411013	289.941406	13.183594
434389.063030	0.794589	289.941406	13.183594
434389.065032	0.936368	289.941406	13.183594
434389.069031	0.931445	10.245896	0.110505
434390.077102	0.486933	88.183594	-650.976562
434390.079103	0.833262	88.183594	-650.976562
434390.081104	0.935534	88.183594	-650.976562
434390.083105	0.932314	10.255450	0.108029
434391.125162	0.391437	316.210937	11.816406
434391.127163	0.752265	316.210937	11.816406
434391.129163	0.934963	316.210937	11.816406
434391.131164	0.932957	10.262531	0.172777
434392.173240	0.298520	90.332031	-643.847656
434392.175242	0.664202	90.332031	-643.847656
434392.177241	0.921847	90.332031	-643.847656
434392.179242	0.932894	90.332031	-643.847656
434392.181242	0.930635	10.236990	0.093336
434393.223241	0.560482	313.085937	10.839844
434393.225250	0.880414	313.085937	10.839844
434393.227256	0.933562	313.085937	10.839844
434393.229255	0.930850	10.239347	0.164387
434394.241282	0.900072	105.957031	-585.742187
434394.245283	0.930466	105.957031	-585.742187
434394.247286	0.929109	10.220196	0.161715
434395.319907	0.473153	309.765625	9.179687
434395.321908	0.823629	309.765625	9.179687
434395.323908	0.939956	309.765625	9.179687
434395.325908	0.936890	10.305788	0.143718
434396.335978	0.520565	99.023437	-615.820312
434396.337979	0.856495	99.023437	-615.820312
434396.339980	0.934340	99.023437	-615.820312
434396.341979	0.934208	10.276285	0.142059
434397.417984	0.640622	309.570312	8.789062
434397.419988	0.915188	309.570312	8.789062
434397.421986	0.933196	309.570312	8.789062
434397.423988	0.930788	10.238666	0.166792
434398.432489	0.404584	99.121094	-615.527344
434398.436488	0.936335	99.121094	-615.527344
434398.438496	0.933910	99.121094	-615.527344
434398.440497	0.931890	10.250789	0.127277
434399.516555	0.864556	302.636719	9.765625
434399.518558	0.934221	302.636719	9.765625
434399.520557	0.931302	10.244319	0.118490
434400.529066	0.293640	94.238281	-634.375000
434400.531068	0.306957	94.238281	-634.375000
434400.533066	0.920653	94.238281	-634.375000
434400.535068	0.932878	94.238281	-634.375000
434400.537068	0.930658	10.237238	0.120223
434401.615114	0.935389	303.320312	10.449219
434401.617116	0.932422	303.320312	10.449219
434401.619115	0.930593	10.236520	0.103847
434402.627123	0.463646	89.550781	-654.882812
434402.629126	0.815179	89.550781	-654.882812
434402.631128	0.935825	89.550781	-654.882812
434402.633125	0.932542	10.257967	0.101453
434403.675146	0.361258	331.054687	9.960937
434403.677151	0.723744	331.054687	9.960937
434403.679154	0.933396	331.054687	9.960937
434403.681154	0.933529	10.268824	0.178120
434404.725196	0.625670	85.644531	-668.554687
434404.727199	0.910052	85.644531	-668.554687
434404.729198	0.933275	85.644531	-668.554687
434404.731198	0.930886	10.239746	0.086835
434405.773270	0.539523	306.640625	12.207031
434405.775271	0.868622	306.640625	12.207031
434405.777272	0.934357	306.640625	12.207031
434405.779271	0.931393	10.245320	0.159563
434406.821326	0.445612	87.597656	-657.519531
434406.823329	0.800468	87.597656	-657.519531
434406.825329	0.936305	87.597656	-657.519531
434406.827329	0.933048	10.263523	0.073967
434407.871332	0.702458	310.351562	13.964844
434407.873332	0.929337	310.351562	13.964844
434407.875331	0.932056	310.351562	13.964844
434407.877332	0.930019	10.230210	0.155838
434408.885907	0.481767	104.296875	-586.035156
434408.887909	0.829191	104.296875	-586.035156
434408.889909	0.935044	104.296875	-586.035156
434408.891909	0.931780	10.249575	0.142335
434409.968465	0.699817	308.105469	14.843750
434409.970466	0.930618	308.105469	14.843750
434409.972467	0.934277	308.105469	14.843750
434409.974467	0.931993	10.251923	0.140004
434410.982501	0.379026	100.781250	-609.570312
434410.986500	0.934912	100.781250	-609.570312
434410.988502	0.933672	100.781250	-609.570312
434410.990503	0.931618	10.247793	0.134088
434412.066591	0.853260	285.742187	14.843750
434412.068593	0.933982	285.742187	14.843750
434412.070593	0.930992	10.240907	0.114236
434413.080654	0.561255	98.144531	-632.714844
434413.082656	0.880818	98.144531	-632.714844
434413.084656	0.933625	98.144531	-632.714844
434413.086656	0.930885	10.239738	0.116958
434414.160654	0.313276	282.324219	13.769531
434414.162655	0.678173	282.324219	13.769531
434414.164655	0.925642	282.324219	13.769531
434414.166654	0.933475	282.324219	13.769531
434414.168654	0.931158	10.242733	0.102450
434415.176682	0.355639	100.683594	-624.023437
434415.178706	0.718323	100.683594	-624.023437
434415.180710	0.932259	100.683594	-624.023437
434415.182710	0.932478	100.683594	-624.023437
434415.184710	0.930502	10.235518	0.103529
434416.226759	0.626434	313.476562	12.109375
434416.228761	0.910314	313.476562	12.109375
434416.230760	0.933272	313.476562	12.109375
434416.232762	0.930910	10.240012	0.175538
434417.276814	0.865369	97.363281	-635.644531
434417.278815	0.934621	97.363281	-635.644531
434417.280817	0.931694	10.248635	0.091959
434418.322812	0.430674	304.589844	10.449219
434418.324813	0.787894	304.589844	10.449219
434418.326813	0.939205	304.589844	10.449219
434418.328813	0.936485	10.301339	0.150789
434419.370858	0.332680	88.671875	-662.109375
434419.372862	0.696645	88.671875	-662.109375
434419.374860	0.928832	88.671875	-662.109375
434419.376862	0.932667	88.671875	-662.109375
434419.378862	0.930562	10.236183	0.088428
434420.419399	0.325391	296.484375	9.082031
434420.421402	0.689737	296.484375	9.082031
434420.423401	0.927824	296.484375	9.082031
434420.425400	0.932985	296.484375	9.082031
434420.427400	0.930782	10.238603	0.139320
434421.435437	0.369225	97.851562	-623.925781
434421.437437	0.731276	97.851562	-623.925781
434421.439437	0.737697	97.851562	-623.925781
434421.441437	0.932659	10.259252	0.145420
434422.517485	0.497934	300.488281	9.375000
434422.519486	0.841381	300.488281	9.375000
434422.521487	0.936385	300.488281	9.375000
434422.523486	0.933248	10.265731	0.126311
434423.535548	0.871231	94.531250	-639.062500
434423.537550	0.933858	94.531250	-639.062500
434423.539551	0.931068	10.241749	0.127901
434424.615613	0.674372	299.511719	11.328125
434424.617623	0.924188	299.511719	11.328125
434424.619627	0.932539	299.511719	11.328125
434424.621628	0.930382	10.234207	0.119523
434425.632220	0.810533	93.359375	-640.527344
434425.634222	0.934814	93.359375	-640.527344
434425.636222	0.931474	10.246216	0.115063
434426.714311	0.894688	284.667969	13.867187
434426.716311	0.934669	284.667969	13.867187
434426.718312	0.931920	10.251117	0.105306
434427.728360	0.631314	87.695312	-659.472656
434427.730361	0.911959	87.695312	-659.472656
434427.732362	0.933298	87.695312	-659.472656
434427.734362	0.930898	10.239879	0.101648
434428.808424	0.401646	277.734375	15.332031
434428.810426	0.761693	277.734375	15.332031
434428.812425	0.934674	277.734375	15.332031
434428.814426	0.932125	10.253376	0.093086
434429.824475	0.445985	83.496094	-676.855469
434429.826476	0.800647	83.496094	-676.855469
434429.828476	0.935811	83.496094	-676.855469
434429.830476	0.932609	10.258694	0.090136
434430.872570	0.357528	297.363281	15.429687
434430.874576	0.720148	297.363281	15.429687
434430.876577	0.931895	297.363281	15.429687
434430.878576	0.932149	297.363281	15.429687
434430.880577	0.932072	10.252791	0.162266
434431.922661	0.633025	84.375000	-674.804687
434431.924661	0.912299	84.375000	-674.804687
434431.926659	0.932671	84.375000	-674.804687
434431.928663	0.930387	10.234261	0.073428
434432.971182	0.622575	297.851562	15.039062
434432.973183	0.908831	297.851562	15.039062
434432.975182	0.933160	297.851562	15.039062
434432.977182	0.930714	10.237859	0.148332
434433.987247	0.667829	97.656250	-625.000000
434433.989249	0.922787	97.656250	-625.000000
434433.991250	0.932873	97.656250	-625.000000
434433.993251	0.930688	10.237566	0.274963
434435.067259	1.533462	291.796875	15.917969
434435.069262	0.786700	291.796875	15.917969
434435.071263	0.935875	291.796875	15.917969
434435.073262	0.932809	10.260900	0.135219
434436.083358	0.482020	98.632812	-626.367187
434436.085359	0.829348	98.632812	-626.367187
434436.087361	0.935100	98.632812	-626.367187
434436.089361	0.931859	10.250452	0.129711
434437.165440	0.615153	294.921875	15.625000
434437.167442	0.906112	294.921875	15.625000
434437.169444	0.933430	294.921875	15.625000
434437.171443	0.930954	10.240491	0.121114
434438.182367	0.808734	101.855469	-615.234375
434438.184367	0.934984	101.855469	-615.234375
434438.186369	0.931760	10.249361	0.116587
434439.262933	0.677469	284.179687	15.625000
434439.264935	0.925312	284.179687	15.625000
434439.266935	0.933043	284.179687	15.625000
434439.268935	0.932919	10.262105	0.102981
434440.277469	0.447904	93.066406	-649.511719
434440.279470	0.802201	93.066406	-649.511719
434440.281476	0.935587	93.066406	-649.511719
434440.283474	0.932347	10.255822	0.104459
434441.359499	0.571745	275.390625	16.113281
434441.361501	0.886789	275.390625	16.113281
434441.363502	0.934099	275.390625	16.113281
434441.365502	0.931419	10.245604	0.086001
434442.375583	0.620877	82.714844	-684.375000
434442.377585	0.908266	82.714844	-684.375000
434442.381585	0.930986	82.714844	-684.375000
434442.385583	0.928737	10.216102	0.087923
434443.423654	0.530377	306.738281	15.820312
434443.425656	0.862803	306.738281	15.820312
434443.427656	0.934113	306.738281	15.820312
434443.429655	0.931110	10.242209	0.163513
434444.474230	0.863023	87.011719	-661.718750
434444.478231	0.931315	87.011719	-661.718750
434444.480236	0.929766	10.227427	0.069394
434445.524218	0.935868	301.660156	16.015625
434445.526219	0.932863	301.660156	16.015625
434445.528221	0.932750	10.260253	0.155842
434446.536737	0.552781	97.070312	-621.777344
434446.538740	0.876147	97.070312	-621.777344
434446.540739	0.933761	97.070312	-621.777344
434446.542740	0.931014	10.241156	0.140670
434447.618772	0.675751	285.058594	15.527344
434447.620774	0.924288	285.058594	15.527344
434447.622775	0.932314	285.058594	15.527344
434447.624775	0.930155	10.231709	0.137848
434448.632799	1.763349	92.773437	-643.457031
434448.634823	0.715993	92.773437	-643.457031
434448.636821	0.932156	92.773437	-643.457031
434448.638820	0.932749	92.773437	-643.457031
434448.640820	0.930708	10.237787	0.146888
434449.714867	0.486149	279.199219	13.769531
434449.716870	0.832509	279.199219	13.769531
434449.718868	0.935285	279.199219	13.769531
434449.722867	0.930454	10.234996	0.114969
434450.730893	0.527227	99.316406	-620.703125
434450.732897	0.860713	99.316406	-620.703125
434450.734895	0.934092	99.316406	-620.703125
434450.738896	0.929675	10.226426	0.114429
434451.812889	0.645061	283.496094	12.792969
434451.814892	0.916584	283.496094	12.792969
434451.816892	0.933234	283.496094	12.792969
434451.818892	0.930945	10.240393	0.102664
434452.827490	0.425556	84.082031	-681.347656
434452.829493	0.783163	84.082031	-681.347656
434452.831491	0.936106	84.082031	-681.347656
434452.833491	0.933197	10.265163	0.103091
434453.909520	0.549762	282.910156	11.816406
434453.911521	0.874728	282.910156	11.816406
434453.913525	0.934531	282.910156	11.816406
434453.915525	0.931629	10.247917	0.095528
434454.927535	0.893628	89.160156	-663.671875
434454.933535	0.929996	89.160156	-663.671875
434454.935544	0.928981	10.218796	0.091518
434455.974551	0.667056	310.449219	9.960937
434455.978551	0.934421	310.449219	9.960937
434455.980553	0.932064	310.449219	9.960937
434455.982552	0.930834	10.239170	0.283741
434457.021513	0.374085	77.246094	-705.566406
434457.023515	0.735904	77.246094	-705.566406
434457.025516	0.932940	77.246094	-705.566406
434457.027517	0.933420	10.267618	0.090259
434458.071616	0.651273	283.691406	12.792969
434458.073618	0.918546	283.691406	12.792969
434458.075618	0.933460	283.691406	12.792969
434458.077618	0.931163	10.242794	0.130341
434459.119676	0.558065	78.222656	-708.398437
434459.121680	0.879496	78.222656	-708.398437
434459.123678	0.934724	78.222656	-708.398437
434459.125679	0.931850	10.250345	0.074630
434460.167761	0.470035	291.894531	15.039062
434460.169764	0.820143	291.894531	15.039062
434460.173760	0.932588	291.894531	15.039062
434460.175763	0.930869	10.239560	0.124861
434461.182712	0.308166	102.929687	-625.683594
434461.184713	0.673313	102.929687	-625.683594
434461.186712	0.923823	102.929687	-625.683594
434461.188713	0.932490	102.929687	-625.683594
434461.190713	0.930362	10.233976	0.125159
434462.264725	0.433342	277.832031	15.527344
434462.266728	0.789916	277.832031	15.527344
434462.270724	0.932990	277.832031	15.527344
434462.272730	0.931098	10.242077	0.114475
434463.280769	0.476306	91.601562	-664.160156
434463.282771	0.825044	91.601562	-664.160156
434463.284771	0.935266	91.601562	-664.160156
434463.286771	0.932090	10.252987	0.113680
434464.362823	0.604794	262.792969	15.625000
434464.364824	0.902054	262.792969	15.625000
434464.366825	0.933649	262.792969	15.625000
434464.368823	0.931153	10.242688	0.101930
434465.376894	0.286708	86.230469	-675.878906
434465.378896	0.652982	86.230469	-675.878906
434465.380897	0.918866	86.230469	-675.878906
434465.382897	0.933052	86.230469	-675.878906
434465.384897	0.930776	10.238532	0.100069
434466.460951	0.778950	267.675781	16.406250
434466.462953	0.935614	267.675781	16.406250
434466.466951	0.930844	10.239285	0.087744
434467.474980	0.461318	92.480469	-646.582031
434467.476983	0.813190	92.480469	-646.582031
434467.478980	0.935142	92.480469	-646.582031
434467.480985	0.931850	10.250345	0.089069
434468.523046	0.367229	304.980469	16.406250
434468.525048	0.729320	304.980469	16.406250
434468.527047	0.934027	304.980469	16.406250
434468.529051	0.933694	10.270632	0.162668
434469.573578	0.719600	80.859375	-684.765625
434469.575580	0.931954	80.859375	-684.765625
434469.577581	0.932087	80.859375	-684.765625
434469.579588	0.930163	10.231788	0.443082
434470.620199	0.367607	284.667969	17.187500
434470.622199	0.729627	284.667969	17.187500
434470.624201	0.932868	284.667969	17.187500
434470.626201	0.932366	10.256026	0.150044
434471.670238	0.627865	70.214844	-719.628906
434471.672241	0.911286	70.214844	-719.628906
434471.674238	0.934133	70.214844	-719.628906
434471.676239	0.931610	10.247705	0.060016
434472.718309	0.540410	278.906250	16.796875
434472.720310	0.869091	278.906250	16.796875
434472.722311	0.934630	278.906250	16.796875
434472.724310	0.931751	10.249265	0.135805
434473.734353	0.584161	88.574219	-659.375000
434473.736356	0.892657	88.574219	-659.375000
434473.738355	0.933459	88.574219	-659.375000
434473.740357	0.930867	10.239542	0.131554
434474.816393	0.710083	282.910156	16.406250
434474.818393	0.930486	282.910156	16.406250
434474.820394	0.932078	282.910156	16.406250
434474.822396	0.930116	10.231274	0.116191
434475.830985	0.489923	85.156250	-672.558594
434475.832986	0.835249	85.156250	-672.558594
434475.834987	0.935010	85.156250	-672.558594
434475.836986	0.931775	10.249521	0.113866
434476.915008	0.903375	280.957031	16.796875
434476.917011	0.933168	280.957031	16.796875
434476.919010	0.930667	10.237335	0.095658
434477.927923	0.448909	81.054687	-684.765625
434477.929925	0.803195	81.054687	-684.765625
434477.931926	0.936033	81.054687	-684.765625
434477.933926	0.932791	10.260706	0.105071
434479.011967	0.888999	272.167969	16.992187
434479.013969	0.933522	272.167969	16.992187
434479.015967	0.930938	10.240322	0.084902
434480.024543	0.349852	80.664062	-686.425781
434480.026552	0.712875	80.664062	-686.425781
434480.028549	0.933723	80.664062	-686.425781
434480.032549	0.933328	80.664062	-686.425781
434480.034549	0.931885	10.250735	0.086085
434481.074623	0.623998	297.070312	16.894531
434481.076625	0.909305	297.070312	16.894531
434481.078624	0.933182	297.070312	16.894531
434481.080625	0.930710	10.237814	0.159105
434482.122707	0.537368	73.828125	-708.398437
434482.124709	0.867093	73.828125	-708.398437
434482.126710	0.933913	73.828125	-708.398437
434482.128708	0.931107	10.242174	0.068874
434483.170735	0.436627	297.265625	17.285156
434483.172738	0.792650	297.265625	17.285156
434483.174739	0.935456	297.265625	17.285156
434483.176738	0.932220	10.254422	0.155655
434484.219291	0.434498	78.613281	-697.265625
434484.221291	0.791011	78.613281	-697.265625
434484.223292	0.936332	78.613281	-697.265625
434484.225293	0.933180	10.264977	0.061773
434485.271342	0.929267	270.800781	17.578125
434485.273343	0.932526	270.800781	17.578125
434485.275342	0.930515	10.235661	0.409241
434486.283376	0.379460	99.804687	-631.347656
434486.285376	0.740900	99.804687	-631.347656
434486.287381	0.934364	99.804687	-631.347656
434486.289387	0.933022	10.263240	0.132693
434487.365477	0.518235	269.628906	17.480469
434487.367479	0.854694	269.628906	17.480469
434487.369480	0.933990	269.628906	17.480469
434487.371479	0.930976	10.240738	0.109140
434488.383513	0.880533	101.074219	-634.472656
434488.385516	0.933951	101.074219	-634.472656
434488.387515	0.931215	10.243361	0.111444
434489.464070	0.775008	270.410156	16.796875
434489.466071	0.935403	270.410156	16.796875
434489.468071	0.932504	10.257542	0.096478
434490.478619	0.551464	90.039062	-674.902344
434490.480620	0.875456	90.039062	-674.902344
434490.482621	0.933980	90.039062	-674.902344
434490.484619	0.931198	10.243176	0.096585
434491.560650	0.675219	268.652344	15.429687
434491.562651	0.924357	268.652344	15.429687
434491.564651	0.932537	268.652344	15.429687
434491.566653	0.930295	10.233241	0.091211
434492.577280	0.814271	88.671875	-673.242187
434492.579280	0.935036	88.671875	-673.242187
434492.581280	0.931698	10.248679	0.090392
434493.627892	0.935316	284.472656	13.281250
434493.629896	0.931928	284.472656	13.281250
434493.631895	0.930337	10.233711	0.144644
434494.671955	0.375544	75.097656	-711.718750
434494.673957	0.737167	75.097656	-711.718750
434494.675957	0.934534	75.097656	-711.718750
434494.677957	0.933582	10.269400	0.086197
434495.722015	0.642340	278.906250	12.402344
434495.724018	0.915393	278.906250	12.402344
434495.726016	0.932733	278.906250	12.402344
434495.728017	0.930490	10.235394	0.129354
434496.772095	0.877180	67.578125	-730.273437
434496.774097	0.933879	67.578125	-730.273437
434496.776101	0.931107	10.242174	0.072177
434497.820651	0.874710	274.121094	12.011719
434497.822653	0.933506	274.121094	12.011719
434497.824652	0.930797	10.238771	0.115700
434498.870662	0.935208	64.550781	-738.867187
434498.872663	0.931906	10.250966	0.058951
434499.914741	0.356954	286.425781	12.500000
434499.916745	0.719547	286.425781	12.500000
434499.918749	0.932757	286.425781	12.500000
434499.920749	0.933137	286.425781	12.500000
434499.922748	0.933069	10.263762	0.108986
434500.930744	0.393201	95.410156	-644.042969
434500.932746	0.753814	95.410156	-644.042969
434500.934746	0.935168	95.410156	-644.042969
434500.938745	0.931069	10.241758	0.110333
434502.011714	0.323410	275.781250	14.355469
434502.013713	0.687807	275.781250	14.355469
434502.015714	0.927311	275.781250	14.355469
434502.017717	0.932877	275.781250	14.355469
434502.019720	0.930643	10.237079	0.099638
434503.028303	0.468169	84.179687	-680.957031
434503.030305	0.818703	84.179687	-680.957031
434503.034303	0.932054	84.179687	-680.957031
434503.036305	0.930516	10.235678	0.099406
434504.110363	0.595415	268.261719	15.722656
434504.114365	0.933116	268.261719	15.722656
434504.116367	0.930679	268.261719	15.722656
434504.118365	0.929248	10.221729	0.083360
434505.124912	0.364597	78.613281	-696.191406
434505.126916	0.726890	78.613281	-696.191406
434505.128918	0.932994	78.613281	-696.191406
434505.130917	0.932629	10.258915	0.082290
434506.206956	0.496600	262.792969	17.089844
434506.210955	0.934798	262.792969	17.089844
434506.212957	0.931588	262.792969	17.089844
434506.214958	0.930038	10.230413	0.076253
434507.223571	0.641309	76.074219	-703.125000
434507.225573	0.915332	76.074219	-703.125000
434507.227573	0.933094	76.074219	-703.125000
434507.229574	0.930764	10.238399	0.114469
434508.271620	0.547740	286.132812	17.187500
434508.273621	0.874071	286.132812	17.187500
434508.275619	0.936013	286.132812	17.187500
434508.277627	0.933155	10.264703	0.141124
434509.319692	1.092735	68.847656	-722.070312
434509.321694	0.810437	68.847656	-722.070312
434509.323695	0.936284	68.847656	-722.070312
434509.325695	0.933022	10.263240	0.063805
434510.367740	0.359441	273.144531	18.164062
434510.371750	0.932528	273.144531	18.164062
434510.373753	0.932712	273.144531	18.164062
434510.375752	0.930716	10.237877	0.133552
434511.383808	0.408193	89.843750	-658.203125
434511.385810	0.767430	89.843750	-658.203125
434511.387811	0.934806	89.843750	-658.203125
434511.389810	0.932192	10.254111	0.121770
434512.465864	0.536965	268.750000	18.164062
434512.467868	0.866799	268.750000	18.164062
434512.469867	0.933940	268.750000	18.164062
434512.471866	0.931058	10.241634	0.111477
434513.481882	0.574404	90.234375	-656.152344
434513.483883	0.887710	90.234375	-656.152344
434513.485883	0.933333	90.234375	-656.152344
434513.487883	0.930769	10.238461	0.109670
434514.565920	0.983319	269.335937	17.871094
434514.567920	0.932567	269.335937	17.871094
434514.569921	0.930471	10.235182	0.382913
434515.578477	0.475544	84.375000	-676.855469
434515.580481	0.825043	84.375000	-676.855469
434515.584481	0.935320	84.375000	-676.855469
434515.586481	0.933562	10.269186	0.097984
434516.660545	0.600963	263.964844	17.480469
434516.662549	0.900140	263.964844	17.480469
434516.664551	0.933243	263.964844	17.480469
434516.666551	0.930747	10.238222	0.083137
434517.675100	0.374210	79.687500	-690.820312
434517.679099	0.933615	79.687500	-690.820312
434517.681103	0.932682	79.687500	-690.820312
434517.683103	0.930706	10.237769	0.084041
434518.759175	0.847534	261.914062	17.578125
434518.761173	0.934803	261.914062	17.578125
434518.763175	0.931601	10.247616	0.077940
434519.773735	0.643609	80.957031	-687.011719
434519.775735	0.916142	80.957031	-687.011719
434519.777737	0.933196	80.957031	-687.011719
434519.779737	0.930869	10.239560	0.119863
434520.821728	0.540070	296.191406	16.113281
434520.823730	0.868664	296.191406	16.113281
434520.825730	0.933813	296.191406	16.113281
434520.827730	0.930988	10.240871	0.138072
434521.869752	0.439523	76.464844	-702.148437
434521.871755	0.795191	76.464844	-702.148437
434521.873755	0.935853	76.464844	-702.148437
434521.875756	0.932712	10.259829	0.064183
434522.918692	0.506157	279.687500	15.234375
434522.920694	0.846724	279.687500	15.234375
434522.922694	0.934297	279.687500	15.234375
434522.924693	0.931200	10.243202	0.123453
434523.934755	0.552412	90.136719	-663.085937
434523.936758	0.875796	90.136719	-663.085937
434523.938757	0.933319	90.136719	-663.085937
434523.940759	0.930569	10.236263	0.124871
434525.016848	0.686843	275.976562	14.257812
434525.018850	0.927187	275.976562	14.257812
434525.020851	0.932899	275.976562	14.257812
434525.022849	0.930818	10.238993	0.329651
434526.031404	0.462124	88.378906	-669.238281
434526.033406	0.813858	88.378906	-669.238281
434526.035405	0.935759	88.378906	-669.238281
434526.039403	0.930765	10.238417	0.108921
434527.113508	0.599047	263.476562	13.671875
434527.115512	0.899500	263.476562	13.671875
434527.117512	0.933450	263.476562	13.671875
434527.119512	0.930893	10.239825	0.091375
434528.129544	0.640531	83.203125	-685.644531
434528.131550	0.915082	83.203125	-685.644531
434528.133549	0.933116	83.203125	-685.644531
434528.135547	0.930854	10.239391	0.130901
434529.209603	0.408298	255.957031	13.671875
434529.211604	0.767768	255.957031	13.671875
434529.213605	0.935179	255.957031	13.671875
434529.217604	0.930689	10.237575	0.089289
434530.225658	0.451654	89.257812	-664.550781
434530.227660	0.470190	89.257812	-664.550781
434530.229659	0.936147	89.257812	-664.550781
434530.231660	0.932964	10.262602	0.089310
434531.273646	0.343415	290.820312	13.476562
434531.275647	0.706599	290.820312	13.476562
434531.277648	0.930195	290.820312	13.476562
434531.279648	0.932307	290.820312	13.476562
434531.281648	0.930261	10.232869	0.145132
434532.325702	0.904439	72.949219	-715.722656
434532.327703	0.933243	72.949219	-715.722656
434532.329703	0.930815	10.238966	0.077051
434533.371782	0.523624	277.929687	15.625000
434533.373781	0.858345	277.929687	15.625000
434533.375783	0.934247	277.929687	15.625000
434533.377781	0.931240	10.243646	0.125636
434534.421824	0.783142	72.949219	-721.093750
434534.423824	0.935096	72.949219	-721.093750
434534.425824	0.932075	10.252827	0.068518
434535.467836	0.321164	265.039062	17.187500
434535.469837	0.685543	265.039062	17.187500
434535.471841	0.926610	265.039062	17.187500
434535.473838	0.929364	265.039062	17.187500
434535.475839	0.930487	10.235359	0.116766
434536.517914	0.597033	82.128906	-699.902344
434536.519917	0.898518	82.128906	-699.902344
434536.521916	0.933274	82.128906	-699.902344
434536.523915	0.930797	10.238771	0.057984
434537.566862	0.662626	262.695312	17.968750
434537.568864	0.921299	262.695312	17.968750
434537.570864	0.932667	262.695312	17.968750
434537.572863	0.930478	10.235253	0.105800
434538.580883	0.337493	95.703125	-655.371094
434538.582885	0.701060	95.703125	-655.371094
434538.584886	0.929300	95.703125	-655.371094
434538.586884	0.932302	95.703125	-655.371094
434538.588884	0.930275	10.233028	0.111884
434539.662905	0.464857	258.496094	18.164062
434539.664908	0.816122	258.496094	18.164062
434539.668905	0.932795	258.496094	18.164062
434539.670907	0.931112	10.242228	0.094451
434540.678956	0.509003	87.792969	-677.539062
434540.682956	0.934605	87.792969	-677.539062
434540.684959	0.931534	87.792969	-677.539062
434540.686960	0.929993	10.229927	0.096370
434541.760999	0.634735	255.957031	18.261719
434541.763000	0.913314	255.957031	18.261719
434541.765000	0.933459	255.957031	18.261719
434541.767000	0.930985	10.240836	0.094919
434542.777546	0.766129	88.867187	-668.652344
434542.779548	0.934532	88.867187	-668.652344
434542.781545	0.931885	10.250735	0.083530
434543.824114	0.404675	292.285156	18.066406
434543.826118	0.764279	292.285156	18.066406
434543.828116	0.934268	292.285156	18.066406
434543.830116	0.931702	10.248724	0.157972
434544.876136	0.921819	72.460937	-711.621094
434544.878138	0.932860	72.460937	-711.621094
434544.880138	0.930658	10.237238	0.208954
434545.922193	0.571958	269.824219	18.847656
434545.924196	0.886760	269.824219	18.847656
434545.926195	0.934039	269.824219	18.847656
434545.928196	0.931361	10.244966	0.135737
434546.970242	0.478606	70.996094	-713.769531
434546.972242	0.826931	70.996094	-713.769531
434546.974243	0.936120	70.996094	-713.769531
434546.976241	0.932841	10.261246	0.059373
434548.018305	0.384398	280.468750	18.847656
434548.020307	0.745565	280.468750	18.847656
434548.022307	0.934237	280.468750	18.847656
434548.024307	0.932554	10.258091	0.130550
434549.070336	0.916873	70.898437	-714.257812
434549.072336	0.933023	70.898437	-714.257812
434549.074337	0.930726	10.237991	0.113660
434550.116879	0.639501	262.500000	19.238281
434550.118879	0.914791	262.500000	19.238281
434550.120879	0.933232	262.500000	19.238281
434550.122880	0.930958	10.240535	0.142953
434551.130921	0.317553	91.796875	-651.855469
434551.132922	0.682223	91.796875	-651.855469
434551.134924	0.925988	91.796875	-651.855469
434551.136922	0.932552	91.796875	-651.855469
434551.138922	0.930466	10.235128	0.111674
434552.214926	0.797397	264.062500	18.945312
434552.216928	0.934951	264.062500	18.945312
434552.218927	0.931712	10.248830	0.092438
434553.229459	0.572814	90.625000	-656.347656
434553.231461	0.886694	90.625000	-656.347656
434553.235469	0.930496	90.625000	-656.347656
434553.237471	0.929151	10.220656	0.092281
