num crossings	time (s)	maj axis (mm)	min axis (mm)	theta (rad )	slope (V/s)
412313	431815.350670	39.837091	-10.181908	-0.636130	3.327237
412315	431817.446020	41.714066	10.221119	-0.651168	2.973681
412317	431819.532511	41.712954	10.226743	-0.649289	3.675496
412319	431821.628206	41.794475	10.755699	-0.641437	3.433251
412321	431823.715994	41.664167	10.372698	-0.646415	3.335745
412323	431825.807484	41.809081	10.224634	-0.647904	3.610106
412325	431827.900190	42.129085	10.138575	-0.646035	2.988388
412327	431829.990554	42.153896	10.128810	-0.646625	3.407622
412329	431832.083034	42.281037	-9.772898	-0.603812	3.243097
412331	431834.169795	43.297343	-14.201182	-0.605667	3.699148
412333	431836.262852	42.516548	10.105959	-0.643671	3.797490
412335	431838.354738	42.322359	10.123288	-0.640954	3.389029
412337	431840.448429	42.783709	10.067981	-0.639825	3.379134
412339	431842.539663	42.600371	10.244655	-0.638235	3.233551
412341	431844.626504	42.638047	9.794928	-0.640981	3.876080
412343	431846.720285	42.705379	9.848399	-0.641234	3.542697
412345	431848.812138	42.565624	9.873269	-0.641734	3.596876
412347	431850.907570	42.835500	9.898354	-0.639101	2.935131
412349	431852.993275	42.805738	9.816919	-0.639712	3.741935
412351	431855.086938	43.056206	9.638881	-0.644423	3.966172
412353	431857.179333	43.274536	-9.386752	-0.599888	3.386682
412355	431859.273182	44.092621	-5.965099	-0.626460	3.215627
412357	431861.361400	43.193164	9.637861	-0.645198	3.557905
412359	431863.449037	43.378154	10.167906	-0.639461	3.965337
412361	431865.541316	43.532088	9.337676	-0.647189	3.849526
412363	431867.635510	41.501376	-9.421066	-0.625662	3.296508
412365	431869.727580	43.543522	9.452575	-0.643732	3.276797
412367	431871.817701	41.865238	-9.312770	-0.619910	3.721943
412369	431873.907509	43.839136	9.460000	-0.639491	3.843552
412371	431875.996979	43.747302	9.882150	-0.632412	3.891926
412373	431878.090710	43.844167	9.192163	-0.637341	3.514990
412375	431880.184518	43.762996	9.239315	-0.638241	3.399282
412377	431882.274790	43.960432	9.292742	-0.636324	3.851849
412379	431884.366830	42.456095	-9.036481	-0.618723	3.621659
412381	431886.456654	43.780087	9.149543	-0.634175	3.890500
412383	431888.547750	44.381637	9.081648	-0.636199	3.871193
412385	431890.638590	42.758029	-8.996011	-0.620197	3.820833
412387	431892.729695	44.326376	9.165011	-0.628418	3.859429
412389	431894.821327	44.321161	9.071972	-0.632578	3.751918
412391	431896.913443	44.911321	8.942893	-0.630564	3.628736
412393	431899.005277	44.535675	9.110340	-0.628432	3.453728
412395	431901.094776	44.894348	8.999487	-0.627340	3.803223
412397	431903.185810	44.908362	8.946251	-0.630326	4.075823
412399	431905.276019	44.828006	9.114791	-0.625087	3.900887
412401	431907.369724	44.982427	8.824770	-0.625869	3.915320
412403	431909.461685	44.948065	8.889857	-0.625278	3.488932
412405	431911.553406	45.388483	9.372281	-0.622501	3.788597
412407	431913.642488	45.169059	8.666976	-0.628031	4.175937
412409	431915.734905	43.462572	-8.569277	-0.614067	4.189674
412411	431917.828208	45.144857	8.903753	-0.627318	3.727959
412413	431919.918964	43.777741	-8.445123	-0.610193	3.636349
412415	431922.008383	45.562187	9.140776	-0.624308	3.879794
412417	431924.099016	45.664977	8.511796	-0.631171	4.278032
412419	431926.192708	45.685024	8.343625	-0.631007	4.022820
412421	431928.285286	45.736836	8.385895	-0.632508	3.629145
412423	431930.376552	45.753042	8.402050	-0.631893	3.784632
412425	431932.464387	46.248420	-8.073232	-0.587522	4.204483
412427	431934.554944	47.128902	-11.943046	-0.579421	4.326490
412429	431936.648171	46.360471	8.511389	-0.630166	3.941669
412431	431938.741146	46.401669	8.171227	-0.631341	3.972215
412433	431940.832839	46.215156	8.280932	-0.628739	3.592818
412435	431942.922753	46.231929	8.207064	-0.629856	4.136559
412437	431945.014157	46.213209	8.170232	-0.629667	4.247626
412439	431947.104870	46.227741	8.209745	-0.625309	4.304304
412441	431949.197005	46.374596	8.031496	-0.626127	4.150440
412443	431951.289069	46.476481	8.064309	-0.626276	3.991613
412445	431953.379991	45.102776	-7.873941	-0.603512	4.066772
412447	431955.471810	46.302523	7.993604	-0.625486	4.108441
412449	431957.562291	46.504959	8.187052	-0.621575	4.051755
412451	431959.652855	46.983392	7.900369	-0.624022	4.198774
412453	431961.743277	46.805717	7.939150	-0.625590	4.297532
412455	431963.835167	46.865858	7.755434	-0.626816	4.284153
412457	431965.927272	46.804026	7.826446	-0.622849	4.160887
412459	431968.019157	45.661561	-7.655448	-0.598086	3.868912
412461	431970.110901	47.547647	7.746651	-0.621900	4.000596
412463	431972.200580	45.721586	-7.636698	-0.603603	4.335119
412465	431974.290956	47.403608	7.679514	-0.622853	4.647904
412467	431976.383703	47.227594	7.771214	-0.624157	4.301039
412469	431978.476162	47.570190	7.734870	-0.622009	4.120227
412471	431980.567749	47.430300	7.571967	-0.621714	4.100341
412473	431982.658104	47.856560	7.518263	-0.620734	4.522211
412475	431984.749482	46.294396	-7.365585	-0.599966	4.546942
412477	431986.840696	48.126797	7.505429	-0.621410	4.361067
412479	431988.935023	48.158020	7.664586	-0.621420	3.789713
412481	431991.024614	48.589796	7.323404	-0.620272	4.312236
412483	431993.113819	48.820458	-7.165922	-0.582968	4.514087
412485	431995.205822	48.994035	-11.805913	-0.552732	4.407068
412487	431997.298517	48.607016	7.296852	-0.622368	4.247617
412489	431999.391027	49.114951	7.402389	-0.621107	4.032372
412491	432001.481026	48.428563	7.141228	-0.622922	4.533107
412493	432003.571592	48.702026	7.249490	-0.621658	4.602320
412495	432005.661338	48.644584	7.185876	-0.621915	4.818388
412497	432007.754087	48.861204	7.031857	-0.624312	4.416492
412499	432009.846573	49.063012	7.191447	-0.620696	4.446620
412501	432011.938559	49.438149	7.327506	-0.618704	4.605553
412503	432014.029210	49.653689	-6.944966	-0.582146	4.567927
412505	432016.120099	43.886647	-11.975413	-0.560655	4.454090
412507	432018.210380	49.159412	6.937439	-0.621818	4.654042
412509	432020.303350	49.056471	7.078578	-0.619883	4.241195
412511	432022.394897	49.186439	7.744685	-0.613527	4.177002
412513	432024.484441	47.801874	-6.826002	-0.592801	4.396187
412515	432026.577249	49.410960	7.587261	-0.616141	4.226356
412517	432028.667937	49.499854	7.008260	-0.619442	4.487229
412519	432030.758221	49.681410	7.111680	-0.618454	4.973629
412521	432032.849309	49.533816	7.183072	-0.618092	4.761130
412523	432034.941138	49.657281	6.841123	-0.620730	4.555574
412525	432037.033567	49.533602	6.998822	-0.617709	4.243072
412527	432039.124668	50.690977	-6.712954	-0.580210	4.342071
412529	432041.215869	50.222256	-8.960230	-0.595692	4.773659
412531	432043.306005	50.074625	6.746406	-0.618291	5.013229
412533	432045.397804	49.800132	6.967274	-0.617255	4.685309
412535	432047.491232	50.092576	-6.572810	-0.579082	4.310071
412537	432049.582337	51.210010	-6.551247	-0.574381	4.368320
412539	432051.672928	48.836600	-6.956757	-0.586837	4.834392
412541	432053.763821	50.349278	6.949399	-0.616726	5.151208
412543	432055.856259	51.211401	-6.528343	-0.581925	4.696251
412545	432057.949147	53.454464	-15.868142	-0.518266	4.388955
412547	432060.039692	49.287285	-6.455218	-0.591396	4.537565
412549	432062.128835	49.053425	-6.475598	-0.589970	4.846570
412551	432064.219367	50.814044	6.637103	-0.617835	4.924282
412553	432066.312663	50.875638	7.374006	-0.612859	4.719026
412555	432068.404783	51.045082	6.619045	-0.616703	4.605968
412557	432070.496319	50.980425	6.650426	-0.618620	4.577149
412559	432072.585879	50.985249	6.851891	-0.618375	4.911230
412561	432074.676824	51.121049	6.508005	-0.617235	5.043821
412563	432076.768742	51.422527	6.499717	-0.618021	5.080281
412565	432078.860388	51.484524	6.411110	-0.616810	4.774385
412567	432080.953037	51.725775	7.029490	-0.611115	4.421139
412569	432083.043890	51.232157	6.490655	-0.615807	4.788553
412571	432085.135238	51.196900	6.436237	-0.615873	4.906449
412573	432087.225648	51.480304	6.590065	-0.614844	4.884622
412575	432089.316781	51.335048	6.528478	-0.614466	5.206976
412577	432091.407996	51.782171	6.391325	-0.615345	4.908017
412579	432093.499680	51.714329	6.391036	-0.615599	4.860552
412581	432095.591619	50.431536	-6.255643	-0.586763	4.813025
412583	432097.682845	51.973465	6.958387	-0.612232	4.705128
412585	432099.773621	52.233942	6.345267	-0.615423	4.995374
412587	432101.864519	52.241883	6.744092	-0.612260	5.212576
412589	432103.955750	51.961698	6.322053	-0.616536	5.236714
412591	432106.048153	52.175987	6.347223	-0.617105	4.893976
412593	432108.140271	51.930181	6.446579	-0.614366	4.728188
412595	432110.231670	51.852155	-6.158586	-0.576526	4.837296
412597	432112.322041	53.198450	-11.074712	-0.559284	5.431333
412599	432114.413438	52.408215	6.288543	-0.616281	5.329672
412601	432116.505850	52.276527	6.315223	-0.615538	4.804266
412603	432118.598360	52.243307	6.531692	-0.616569	4.737721
412605	432120.688423	51.295592	-6.065012	-0.585450	4.904859
412607	432122.778419	52.586662	6.217065	-0.616717	5.470990
412609	432124.870096	52.916914	6.163630	-0.616150	5.483026
412611	432126.962273	53.060945	6.216829	-0.616222	5.053968
412613	432129.054611	52.888430	6.429837	-0.614995	4.736935
412615	432131.144598	53.269738	6.184643	-0.617366	5.125271
