time (s)	coil I (A)	last det (V)	int current (uC)
2882.511867	0.547449	174.023437	163.671875
2882.515869	1.104712	174.023437	163.671875
2882.517871	1.103996	174.023437	163.671875
2882.519870	1.101622	12.117837	0.188215
2883.583899	0.527849	295.312500	-213.574219
2883.585900	0.884964	295.312500	-213.574219
2883.587899	1.102518	295.312500	-213.574219
2883.589900	1.104308	295.312500	-213.574219
2883.591901	1.101966	12.121621	0.181570
2884.601964	0.611764	180.078125	159.863281
2884.603967	0.963392	180.078125	159.863281
2884.605965	1.107909	180.078125	159.863281
2884.607965	1.104504	12.149547	0.180820
2885.672504	0.368539	303.125000	-210.058594
2885.674507	0.732142	303.125000	-210.058594
2885.676512	1.048665	303.125000	-210.058594
2885.678513	1.104956	303.125000	-210.058594
2885.680514	1.102010	12.122108	0.184054
2886.688066	2.385943	181.250000	161.523437
2886.693405	0.574983	181.250000	161.523437
2886.695408	1.104978	181.250000	161.523437
2886.697408	1.103271	12.135986	0.182892
2887.761968	0.511024	305.175781	-204.785156
2887.763969	0.868661	305.175781	-204.785156
2887.765969	1.099305	305.175781	-204.785156
2887.767969	1.103628	305.175781	-204.785156
2887.771967	1.099499	12.094485	0.184019
2888.781991	0.669822	174.902344	166.210937
2888.783992	1.008946	174.902344	166.210937
2888.785994	1.106312	174.902344	166.210937
2888.787996	1.102998	12.132975	0.322385
2889.852049	0.848634	308.496094	-201.855469
2889.854051	1.094994	308.496094	-201.855469
2889.856051	1.103714	308.496094	-201.855469
2889.858052	1.101103	12.112130	0.186918
2890.870151	0.525545	170.800781	167.089844
2890.872154	0.882568	170.800781	167.089844
2890.874152	1.102427	170.800781	167.089844
2890.876152	1.104435	170.800781	167.089844
2890.878154	1.102094	12.123038	0.170225
2891.940220	0.889920	310.253906	-195.800781
2891.942221	1.102839	310.253906	-195.800781
2891.944221	1.103815	310.253906	-195.800781
2891.946223	1.101389	12.115275	0.191207
2892.958263	0.465388	174.316406	161.328125
2892.960262	0.824579	174.316406	161.328125
2892.962263	1.088209	174.316406	161.328125
2892.964263	1.103677	174.316406	161.328125
2892.966263	1.100950	12.110454	0.168543
2894.029256	0.628490	323.242187	-194.531250
2894.031259	0.977209	323.242187	-194.531250
2894.033261	1.107005	323.242187	-194.531250
2894.035259	1.103616	12.139780	0.195218
2895.045300	0.535205	167.968750	165.625000
2895.047308	0.891838	167.968750	165.625000
2895.049310	1.107753	167.968750	165.625000
2895.051311	1.108982	167.968750	165.625000
2895.053311	1.106618	12.172801	0.167528
2896.123350	0.860448	327.832031	-189.746094
2896.125352	1.097284	327.832031	-189.746094
2896.127352	1.103298	327.832031	-189.746094
2896.129351	1.103172	12.134888	0.188313
2897.133877	0.696402	171.289062	162.109375
2897.135877	0.707566	171.289062	162.109375
2897.137880	1.104714	171.289062	162.109375
2897.139879	1.101425	12.115674	0.164898
2898.210469	0.761860	332.617187	-188.183594
2898.212470	1.063800	332.617187	-188.183594
2898.214470	1.104105	332.617187	-188.183594
2898.216470	1.101095	12.112041	0.183193
2899.221006	1.288687	165.039062	168.066406
2899.223008	0.862967	165.039062	168.066406
2899.225008	1.098753	165.039062	168.066406
2899.227007	1.104403	165.039062	168.066406
2899.229008	1.101958	12.121541	0.160854
2900.297064	0.475845	341.992187	-187.500000
2900.299065	0.834602	341.992187	-187.500000
2900.301065	1.091024	341.992187	-187.500000
2900.303067	1.103501	341.992187	-187.500000
2900.305065	1.100839	12.109232	0.187844
2901.307100	0.497120	162.597656	169.726562
2901.309102	0.855071	162.597656	169.726562
2901.311102	1.096326	162.597656	169.726562
2901.313102	1.103732	162.597656	169.726562
2901.315103	1.101141	12.112555	0.160846
2902.387171	0.404080	331.542969	-182.324219
2902.389172	0.765824	331.542969	-182.324219
2902.391173	1.065909	331.542969	-182.324219
2902.393174	1.104459	331.542969	-182.324219
2902.395174	1.101555	12.117110	0.183174
2903.393186	0.294983	162.109375	170.507812
2903.395188	0.662212	162.109375	170.507812
2903.397187	1.003385	162.109375	170.507812
2903.399187	1.106488	162.109375	170.507812
2903.401187	1.103051	12.133559	0.161615
2904.477187	0.640776	344.140625	-183.496094
2904.479189	0.987058	344.140625	-183.496094
2904.481189	1.106929	344.140625	-183.496094
2904.485189	1.101417	12.115586	0.208087
2905.483198	0.811785	158.593750	174.707031
2905.485201	1.084376	158.593750	174.707031
2905.487201	1.104211	158.593750	174.707031
2905.489201	1.101487	12.116358	0.156233
2906.567257	0.792096	339.160156	-181.250000
2906.569256	1.076788	339.160156	-181.250000
2906.571257	1.103878	339.160156	-181.250000
2906.573260	1.101013	12.111146	0.179707
2907.569792	0.615220	165.234375	170.605469
2907.571794	0.965887	165.234375	170.605469
2907.573793	1.105407	165.234375	170.605469
2907.575793	1.105354	12.158896	0.151121
2908.654800	0.631334	327.832031	-178.320312
2908.656803	0.979454	327.832031	-178.320312
2908.658803	1.106960	327.832031	-178.320312
2908.660804	1.103504	12.138549	0.178511
2909.656845	0.641314	160.742187	174.316406
2909.660845	1.108002	160.742187	174.316406
2909.662846	1.104474	160.742187	174.316406
2909.664847	1.102541	12.127948	0.156114
2910.742905	0.522834	335.937500	-179.394531
2910.744905	0.575799	335.937500	-179.394531
2910.746906	1.100649	335.937500	-179.394531
2910.748905	1.103077	335.937500	-179.394531
2910.750905	1.100477	12.105243	0.177945
2911.744948	0.533720	158.789062	176.562500
2911.746956	0.890354	158.789062	176.562500
2911.748959	1.104064	158.789062	176.562500
2911.752956	1.102441	158.789062	176.562500
2911.754958	1.100909	12.110003	0.151351
2912.831037	0.513105	340.527344	-179.003906
2912.833039	0.870472	340.527344	-179.003906
2912.835038	1.099645	340.527344	-179.003906
2912.837040	1.103757	340.527344	-179.003906
2912.839041	1.101242	12.113663	0.175032
2913.833561	0.702417	161.621094	175.292969
2913.835563	1.030745	161.621094	175.292969
2913.837563	1.104880	161.621094	175.292969
2913.839564	1.101555	12.117101	0.434930
2914.916571	0.305009	325.585937	-175.292969
2914.918574	0.671668	325.585937	-175.292969
2914.920573	1.009958	325.585937	-175.292969
2914.922574	1.105157	325.585937	-175.292969
2914.924574	1.101794	12.119733	0.177213
2915.920626	0.498727	158.691406	178.320312
2915.922627	0.856522	158.691406	178.320312
2915.924628	1.096475	158.691406	178.320312
2915.926626	1.103394	158.691406	178.320312
2915.928627	1.100710	12.107813	0.147377
2917.007172	0.744401	322.949219	-173.828125
2917.009172	1.055434	322.949219	-173.828125
2917.011174	1.105039	322.949219	-173.828125
2917.013173	1.102099	12.123093	0.177000
2918.011216	0.881781	152.050781	183.886719
2918.013216	1.100901	152.050781	183.886719
2918.015216	1.103027	152.050781	183.886719
2918.017216	1.100444	12.104879	0.146126
2919.093300	0.601877	331.152344	-174.316406
2919.095303	0.616835	331.152344	-174.316406
2919.097302	1.105770	331.152344	-174.316406
2919.099301	1.102604	12.128649	0.172513
2920.097323	0.417066	158.105469	179.589844
2920.099325	0.778050	158.105469	179.589844
2920.101325	1.071192	158.105469	179.589844
2920.103324	1.104184	158.105469	179.589844
2920.105327	1.101274	12.114017	0.150104
2921.179897	0.639988	344.042969	-176.074219
2921.183896	1.106597	344.042969	-176.074219
2921.185899	1.103171	344.042969	-176.074219
2921.187898	1.100959	12.110552	0.174840
2922.189943	1.039672	151.464844	185.253906
2922.191946	1.104078	151.464844	185.253906
2922.195950	1.098889	12.087784	0.143884
2923.267994	0.939128	312.890625	-169.628906
2923.269995	1.105341	312.890625	-169.628906
2923.271996	1.102497	12.127461	0.172134
2924.276046	0.606834	156.640625	181.542969
2924.278048	0.622331	156.640625	181.542969
2924.280048	1.105600	156.640625	181.542969
2924.282048	1.102343	12.125769	0.145411
2925.352635	0.579049	325.195312	-171.972656
2925.354635	0.933667	325.195312	-171.972656
2925.356635	1.105079	325.195312	-171.972656
2925.358636	1.102405	12.126460	0.171948
2926.364679	0.499534	149.511719	188.281250
2926.368679	1.096957	149.511719	188.281250
2926.370683	1.103603	149.511719	188.281250
2926.372682	1.100950	12.110446	0.145759
2927.438765	0.622652	316.113281	-170.898437
2927.442766	1.106912	316.113281	-170.898437
2927.444768	1.103576	316.113281	-170.898437
2927.446767	1.101399	12.115391	0.170732
2928.454825	0.576022	151.953125	187.109375
2928.456827	0.930946	151.953125	187.109375
2928.458825	1.106149	151.953125	187.109375
2928.460826	1.103670	12.140374	0.138196
2929.524905	0.668682	310.058594	-171.582031
2929.526906	1.008053	310.058594	-171.582031
2929.528905	1.106207	310.058594	-171.582031
2929.530906	1.102854	12.131397	0.312416
2930.542986	0.525918	152.050781	187.792969
2930.546987	1.101325	152.050781	187.792969
2930.548988	1.103305	152.050781	187.792969
2930.550989	1.100776	12.108532	0.138097
2931.609038	0.351325	313.867187	-174.707031
2931.611039	0.715298	313.867187	-174.707031
2931.613040	1.038656	313.867187	-174.707031
2931.615040	1.104546	313.867187	-174.707031
2931.617041	1.101319	12.114505	0.174249
2932.631114	0.374382	153.710937	188.183594
2932.633115	0.737320	153.710937	188.183594
2932.635115	1.051181	153.710937	188.183594
2932.637115	1.104215	153.710937	188.183594
2932.639115	1.101043	12.111474	0.139247
2933.695679	0.443684	290.429687	-173.730469
2933.697680	0.803428	290.429687	-173.730469
2933.701677	1.103611	290.429687	-173.730469
2933.703678	1.100830	290.429687	-173.730469
2933.705680	1.099125	12.090373	0.175370
2934.719736	0.454238	148.828125	193.847656
2934.721737	0.813666	148.828125	193.847656
2934.723736	1.084568	148.828125	193.847656
2934.725738	1.103621	148.828125	193.847656
2934.727737	1.100855	12.109400	0.137643
2935.783766	0.700709	282.324219	-175.195312
2935.785766	1.029427	282.324219	-175.195312
2935.787766	1.104416	282.324219	-175.195312
2935.789767	1.101133	12.112457	0.170466
2936.807789	0.660629	148.144531	196.972656
2936.809790	1.002190	148.144531	196.972656
2936.811790	1.106283	148.144531	196.972656
2936.813790	1.102908	12.131989	0.143484
2937.869829	0.500590	302.148437	-180.664062
2937.871827	0.858263	302.148437	-180.664062
2937.873829	1.096435	302.148437	-180.664062
2937.875830	1.102814	302.148437	-180.664062
2937.877827	1.100140	12.101539	0.170901
2938.894354	0.412148	147.851562	199.218750
2938.896356	0.773225	147.851562	199.218750
2938.898357	1.068990	147.851562	199.218750
2938.900356	1.104083	147.851562	199.218750
2938.902356	1.101076	12.111837	0.137885
2939.958438	0.623503	284.375000	-179.394531
2939.960439	0.972815	284.375000	-179.394531
2939.962440	1.106488	284.375000	-179.394531
2939.964440	1.103122	12.134347	0.163248
2940.984475	0.977359	151.660156	199.121094
2940.986477	1.105747	151.660156	199.121094
2940.988479	1.102306	12.125360	0.134235
2942.047024	0.786523	284.570312	-180.078125
2942.049025	1.074045	284.570312	-180.078125
2942.051024	1.103011	284.570312	-180.078125
2942.053023	1.100058	12.100635	0.163203
2943.071036	1.011589	148.828125	202.343750
2943.073039	1.105260	148.828125	202.343750
2943.075038	1.101815	12.119964	0.238719
2944.135618	0.944243	268.261719	-178.222656
2944.137619	1.105653	268.261719	-178.222656
2944.139620	1.102744	12.130182	0.164414
2945.155648	0.603949	150.195312	202.148437
2945.157649	0.955955	150.195312	202.148437
2945.159649	1.105084	150.195312	202.148437
2945.161649	1.101820	12.120026	0.132868
2946.222195	0.661291	272.558594	-179.492187
2946.224196	1.002436	272.558594	-179.492187
2946.226197	1.105451	272.558594	-179.492187
2946.228197	1.102013	12.122145	0.275998
2947.242217	0.680258	144.140625	208.398437
2947.246215	1.104376	144.140625	208.398437
2947.248218	1.100937	144.140625	208.398437
2947.250219	1.100857	12.109426	0.326871
2948.308285	0.371367	290.332031	-182.031250
2948.310286	0.734210	290.332031	-182.031250
2948.312286	1.049219	290.332031	-182.031250
2948.314285	1.052975	290.332031	-182.031250
2948.316286	1.100741	12.108150	0.164420
2949.334307	1.104381	148.339844	207.812500
2949.336310	1.101010	12.111111	0.445840
2950.396840	1.526375	271.875000	-177.343750
2950.398839	0.844213	271.875000	-177.343750
2950.400842	1.093340	271.875000	-177.343750
2950.402842	1.103145	271.875000	-177.343750
2950.404840	1.100440	12.104844	0.157753
2951.414914	0.384464	143.945312	212.402344
2951.416916	0.746810	143.945312	212.402344
2951.418916	1.055983	143.945312	212.402344
2951.420918	1.103620	143.945312	212.402344
2951.422916	1.100551	12.106058	0.134669
2952.484983	0.753388	289.257812	-178.515625
2952.486983	1.059011	289.257812	-178.515625
2952.488985	1.103152	289.257812	-178.515625
2952.490985	1.100027	12.100298	0.157851
2953.503592	0.566362	149.218750	209.472656
2953.505593	0.921551	149.218750	209.472656
2953.507593	1.104534	149.218750	209.472656
2953.509593	1.102427	12.126699	0.129762
2954.570546	0.369064	277.441406	-176.171875
2954.572546	0.732137	277.441406	-176.171875
2954.574548	1.048382	277.441406	-176.171875
2954.576549	1.104378	277.441406	-176.171875
2954.578548	1.101246	12.113708	0.158227
2955.590585	0.442926	144.042969	213.281250
2955.592588	0.802680	144.042969	213.281250
2955.594593	1.080768	144.042969	213.281250
2955.596593	1.103647	144.042969	213.281250
2955.598595	1.100723	12.107956	0.130921
2956.662606	1.004272	283.496094	-175.292969
2956.664610	1.105030	283.496094	-175.292969
2956.666609	1.101460	12.116055	0.159885
2957.677190	0.433989	145.605469	211.523437
2957.679192	0.794087	145.605469	211.523437
2957.681195	1.077290	145.605469	211.523437
2957.683193	1.103414	145.605469	211.523437
2957.685193	1.100512	12.105634	0.129525
2958.745236	0.758882	297.070312	-176.660156
2958.747238	0.768803	297.070312	-176.660156
2958.749239	1.103847	297.070312	-176.660156
2958.751239	1.100847	12.109320	0.662201
2959.765279	0.414032	141.699219	215.039062
2959.767280	0.774939	141.699219	215.039062
2959.769279	1.069911	141.699219	215.039062
2959.771280	1.104447	141.699219	215.039062
2959.773279	1.101602	12.117624	0.130091
2960.833346	0.922522	287.890625	-173.535156
2960.835349	1.105724	287.890625	-173.535156
2960.837347	1.103732	12.141047	0.155252
2961.853910	0.541149	139.941406	216.113281
2961.855916	0.897359	139.941406	216.113281
2961.857916	1.102664	139.941406	216.113281
2961.859918	1.102409	139.941406	216.113281
2961.861917	1.099876	12.098640	0.129931
2962.917951	0.696592	285.546875	-172.460937
2962.919958	1.026564	285.546875	-172.460937
2962.921959	1.104244	285.546875	-172.460937
2962.923958	1.100824	12.109062	0.409615
2963.942497	0.565974	145.800781	209.570312
2963.944499	0.921057	145.800781	209.570312
2963.946500	1.103874	145.800781	209.570312
2963.948499	1.101730	12.119034	0.127462
2965.001445	0.403976	276.562500	-168.457031
2965.003446	0.765421	276.562500	-168.457031
2965.005447	1.064979	276.562500	-168.457031
2965.007445	1.103351	276.562500	-168.457031
2965.009447	1.100285	12.103134	0.160583
2966.029496	0.674539	146.093750	208.984375
2966.031498	1.011917	146.093750	208.984375
2966.033497	1.105147	146.093750	208.984375
2966.035499	1.101706	12.118768	0.297163
2967.091512	0.651453	269.238281	-164.160156
2967.093513	0.995175	269.238281	-164.160156
2967.095513	1.106605	269.238281	-164.160156
2967.097513	1.103259	12.135854	0.222490
2968.117545	0.330997	144.824219	208.691406
2968.119548	0.993347	144.824219	208.691406
2968.123545	1.102936	144.824219	208.691406
2968.125548	1.100792	12.108708	0.122534
2969.178128	0.688246	306.347656	-166.210937
2969.180131	1.020985	306.347656	-166.210937
2969.182130	1.104001	306.347656	-166.210937
2969.184129	1.100523	12.105749	0.381448
2970.202120	0.361234	140.136719	211.328125
2970.204121	0.724648	140.136719	211.328125
2970.206119	1.043837	140.136719	211.328125
2970.208122	1.103918	140.136719	211.328125
2970.210119	1.100729	12.108018	0.122113
2971.268172	1.003584	301.660156	-162.500000
2971.270173	1.104462	301.660156	-162.500000
2971.272173	1.100893	12.109826	0.269926
2972.292728	1.062490	143.750000	206.933594
2972.294729	1.103155	143.750000	206.933594
2972.296729	1.100058	12.100635	0.120441
2973.353312	0.562185	283.789062	-157.031250
2973.355312	0.917531	283.789062	-157.031250
2973.357310	1.104526	283.789062	-157.031250
2973.359311	1.102758	12.130342	0.158512
2974.377775	0.874804	143.457031	206.933594
2974.379778	1.098982	143.457031	206.933594
2974.381777	1.101839	143.457031	206.933594
2974.383777	1.099347	12.092818	0.117453
2975.444790	1.104258	319.824219	-159.082031
2975.446792	1.101790	12.119690	0.151651
2976.461760	0.488919	142.187500	206.835937
2976.463761	0.846810	142.187500	206.835937
2976.465762	1.093445	142.187500	206.835937
2976.467762	1.102304	142.187500	206.835937
2976.471760	1.098119	12.079311	0.120860
2977.528329	0.455569	308.105469	-155.664062
2977.530331	0.814698	308.105469	-155.664062
2977.532332	1.084455	308.105469	-155.664062
2977.534333	1.102865	308.105469	-155.664062
2977.536334	1.100041	12.100449	0.152886
2978.548435	0.626626	134.472656	212.109375
2978.550436	0.975227	134.472656	212.109375
2978.552436	1.105981	134.472656	212.109375
2978.554436	1.102567	12.128233	0.115303
2979.616474	0.539594	292.089844	-152.441406
2979.618488	0.895750	292.089844	-152.441406
2979.620492	1.103197	292.089844	-152.441406
2979.622492	1.103109	292.089844	-152.441406
2979.624490	1.100685	12.107530	0.154346
2980.632540	0.305422	134.667969	211.425781
2980.634541	0.671606	134.667969	211.425781
2980.636545	1.009753	134.667969	211.425781
2980.638544	1.105093	134.667969	211.425781
2980.642544	1.099553	12.095079	0.120011
2981.704561	0.429840	295.410156	-151.855469
2981.706563	0.790047	295.410156	-151.855469
2981.708564	1.075628	295.410156	-151.855469
2981.710564	1.103259	295.410156	-151.855469
2981.712562	1.103165	12.134817	0.154721
2982.720614	0.657607	132.421875	212.890625
2982.722616	0.999579	132.421875	212.890625
2982.724617	1.105767	132.421875	212.890625
2982.726617	1.102364	12.126007	0.211635
2983.790607	0.504871	305.957031	-153.027344
2983.792609	0.862260	305.957031	-153.027344
2983.796606	1.098179	305.957031	-153.027344
2983.798613	1.099677	305.957031	-153.027344
2983.800612	1.098176	12.079932	0.146103
2984.808692	1.023702	131.347656	213.964844
2984.810693	1.104862	131.347656	213.964844
2984.812692	1.101485	12.116330	0.364172
2985.878744	0.448628	329.101562	-154.589844
2985.880745	0.807963	329.101562	-154.589844
2985.882744	1.082093	329.101562	-154.589844
2985.884745	1.102777	329.101562	-154.589844
2985.886744	1.099876	12.098633	0.147639
2986.892724	0.534912	137.597656	211.035156
2986.894735	0.891229	137.597656	211.035156
2986.896736	1.103725	137.597656	211.035156
2986.898735	1.104355	137.597656	211.035156
2986.900737	1.102045	12.122499	0.112583
2987.964752	0.326358	300.000000	-150.097656
2987.966756	0.691399	300.000000	-150.097656
2987.968756	1.023214	300.000000	-150.097656
2987.970761	1.104116	300.000000	-150.097656
2987.972766	1.100614	12.106750	0.150639
2988.978806	0.570579	134.765625	214.160156
2988.980808	0.925489	134.765625	214.160156
2988.982809	1.105473	134.765625	214.160156
2988.984809	1.103176	12.134932	0.112538
2990.052847	0.545441	330.468750	-153.515625
2990.054855	0.901318	330.468750	-153.515625
2990.056857	1.102576	330.468750	-153.515625
2990.058858	1.101811	12.119919	0.146183
2991.065812	0.491466	139.160156	209.570312
2991.067812	0.849216	139.160156	209.570312
2991.069813	1.093956	139.160156	209.570312
2991.071815	1.102297	139.160156	209.570312
2991.073814	1.099572	12.095291	0.110593
2992.139804	0.505503	315.332031	-151.074219
2992.141806	0.862814	315.332031	-151.074219
2992.145807	1.103070	315.332031	-151.074219
2992.147806	1.100426	315.332031	-151.074219
2992.149805	1.098912	12.088034	0.147426
2993.151865	0.381438	138.867187	210.449219
2993.153871	0.743721	138.867187	210.449219
2993.155874	1.054810	138.867187	210.449219
2993.157872	1.103052	138.867187	210.449219
2993.159874	1.099971	12.099678	0.110770
2994.227944	0.816420	327.734375	-151.855469
2994.229944	1.084976	327.734375	-151.855469
2994.231945	1.102890	327.734375	-151.855469
2994.233944	1.100011	12.100121	0.145327
2995.240904	0.672003	135.546875	213.867187
2995.242904	1.009818	135.546875	213.867187
2995.244903	1.104596	135.546875	213.867187
2995.246905	1.101000	12.111004	0.273362
2996.313469	0.615482	305.078125	-149.023437
2996.315469	0.965850	305.078125	-149.023437
2996.317470	1.105671	305.078125	-149.023437
2996.319471	1.102272	12.124989	0.144701
2997.327500	0.709059	129.980469	218.261719
2997.329503	1.034577	129.980469	218.261719
2997.331503	1.104229	129.980469	218.261719
2997.333502	1.100906	12.109967	0.427227
2998.399521	0.596847	303.125000	-148.632812
2998.401523	0.949742	303.125000	-148.632812
2998.403523	1.105812	303.125000	-148.632812
2998.405523	1.102657	12.129225	0.143395
2999.413553	0.368051	131.445312	218.164062
2999.415556	0.731017	131.445312	218.164062
2999.417559	1.047539	131.445312	218.164062
2999.419557	1.104076	131.445312	218.164062
2999.421556	1.100761	12.108372	0.110400
3000.485600	0.678071	323.046875	-151.074219
3000.487602	1.014056	323.046875	-151.074219
3000.489603	1.104333	323.046875	-151.074219
3000.491601	1.100755	12.108310	0.332030
3001.503657	0.761332	134.863281	216.406250
3001.505658	1.062791	134.863281	216.406250
3001.507657	1.102973	134.863281	216.406250
3001.509658	1.099955	12.099510	0.109054
3002.572191	0.805585	316.894531	-150.585937
3002.574192	1.081054	316.894531	-150.585937
3002.576193	1.102481	316.894531	-150.585937
3002.578194	1.099655	12.096204	0.143090
3003.590795	0.711161	136.914062	215.332031
3003.592798	1.035707	136.914062	215.332031
3003.596795	1.100258	136.914062	215.332031
3003.598797	1.098426	12.082681	0.107744
3004.657380	0.817821	309.863281	-150.781250
3004.659380	1.085267	309.863281	-150.781250
3004.661379	1.102584	309.863281	-150.781250
3004.663380	1.099729	12.097019	0.146706
3005.677962	0.619431	133.007812	219.824219
3005.679967	0.969198	133.007812	219.824219
3005.681966	1.105349	133.007812	219.824219
3005.683967	1.101849	12.120336	0.106570
3006.742016	0.502224	310.644531	-152.148437
3006.744016	0.859627	310.644531	-152.148437
3006.746018	1.095782	310.644531	-152.148437
3006.748018	1.101623	310.644531	-152.148437
3006.750017	1.099043	12.089469	0.146485
3007.764636	0.390734	132.910156	222.070312
3007.766637	0.752504	132.910156	222.070312
3007.768637	1.058719	132.910156	222.070312
3007.770637	1.103413	132.910156	222.070312
3007.774636	1.098669	12.085357	0.108261
3008.828649	0.679223	294.726562	-151.562500
3008.830649	1.014908	294.726562	-151.562500
3008.832651	1.104155	294.726562	-151.562500
3008.834650	1.100635	12.106980	0.334459
3009.854683	0.947276	136.328125	220.898437
3009.856686	1.104986	136.328125	220.898437
3009.858687	1.101841	12.120256	0.104884
3010.913613	0.467388	270.117187	-150.488281
3010.915616	0.825936	270.117187	-150.488281
3010.917614	1.087623	270.117187	-150.488281
3010.919615	1.102372	270.117187	-150.488281
3010.921616	1.099624	12.095867	0.147221
3011.939675	0.607786	135.253906	224.414062
3011.941675	0.959097	135.253906	224.414062
3011.943676	1.104859	135.253906	224.414062
3011.945675	1.101482	12.116303	0.106640
3013.000203	0.456239	295.605469	-155.468750
3013.002207	0.472031	295.605469	-155.468750
3013.004205	1.084319	295.605469	-155.468750
3013.006205	1.102422	295.605469	-155.468750
3013.008206	1.099557	12.095131	0.138702
3014.025129	0.341583	129.882812	230.273437
3014.027130	0.705815	129.882812	230.273437
3014.029131	1.032180	129.882812	230.273437
3014.031129	1.103359	129.882812	230.273437
3014.033130	1.100075	12.100821	0.110930
3015.087206	0.562876	287.792969	-155.664062
3015.089206	0.918081	287.792969	-155.664062
3015.091208	1.104180	287.792969	-155.664062
3015.093210	1.102207	12.124280	0.140766
3016.111747	0.287420	135.156250	227.832031
3016.113749	0.654414	135.156250	227.832031
3016.115749	0.996939	135.156250	227.832031
3016.117749	1.105081	135.156250	227.832031
3016.119750	1.101590	12.117492	0.107461
3017.174323	0.692823	280.175781	-157.519531
3017.176325	1.023892	280.175781	-157.519531
3017.178324	1.027098	280.175781	-157.519531
3017.180325	1.100387	12.104252	0.379520
3018.198876	0.377413	135.449219	228.222656
3018.200879	0.739849	135.449219	228.222656
3018.202878	1.051848	135.449219	228.222656
3018.204878	1.102998	135.449219	228.222656
3018.206878	1.099825	12.098074	0.107726
3019.261422	0.682513	287.304687	-159.375000
3019.265423	1.103835	287.304687	-159.375000
3019.267425	1.100361	287.304687	-159.375000
3019.269426	1.098447	12.082919	0.344892
3020.286389	0.624469	134.179687	230.761719
3020.288391	0.973473	134.179687	230.761719
3020.290390	1.106437	134.179687	230.761719
3020.292393	1.102952	12.132477	0.104489
3021.348936	0.962615	282.617187	-159.863281
3021.350939	1.105004	282.617187	-159.863281
3021.352938	1.101656	12.118218	0.136136
3022.371500	0.486901	135.839844	231.250000
3022.373503	0.844715	135.839844	231.250000
3022.375502	1.094508	135.839844	231.250000
3022.377502	1.104732	135.839844	231.250000
3022.379502	1.104664	12.151301	0.106911
3023.434484	0.684281	252.050781	-155.566406
3023.436484	1.018172	252.050781	-155.566406
3023.438486	1.103781	252.050781	-155.566406
3023.440485	1.100270	12.102974	0.139233
3024.458502	0.501691	134.277344	234.277344
3024.460503	0.858914	134.277344	234.277344
3024.462503	1.095774	134.277344	234.277344
3024.464503	1.101812	134.277344	234.277344
3024.466503	1.099191	12.091099	0.108538
3025.525098	1.081376	276.464844	-158.789062
3025.527100	1.103407	276.464844	-158.789062
3025.529102	1.100539	12.105927	0.136721
3026.545651	0.729478	133.886719	234.570312
3026.547653	1.046169	133.886719	234.570312
3026.549655	1.103062	133.886719	234.570312
3026.553651	1.097993	12.077921	0.106951
3027.608202	0.526489	268.554687	-157.714844
3027.610204	0.883022	268.554687	-157.714844
3027.614201	1.102961	268.554687	-157.714844
3027.616204	1.100400	268.554687	-157.714844
3027.618203	1.098969	12.088654	0.135458
3028.628270	0.417052	129.003906	238.867187
3028.630271	0.777612	129.003906	238.867187
3028.632270	1.070101	129.003906	238.867187
3028.634270	1.102688	129.003906	238.867187
3028.636271	1.099661	12.096266	0.107392
3029.698317	0.869693	277.832031	-157.519531
3029.700319	1.097919	277.832031	-157.519531
3029.702320	1.101788	277.832031	-157.519531
3029.704317	1.099268	12.091950	0.135794
3030.716903	0.635410	126.757812	241.894531
3030.718902	0.982200	126.757812	241.894531
3030.720904	1.105381	126.757812	241.894531
3030.722902	1.101991	12.121897	0.119774
3031.780951	0.377659	264.843750	-155.664062
3031.782952	0.740005	264.843750	-155.664062
3031.784953	1.052062	264.843750	-155.664062
3031.786954	1.103220	264.843750	-155.664062
3031.788953	1.100019	12.100210	0.138427
3032.807030	0.931701	129.492187	239.648437
3032.809031	1.103443	129.492187	239.648437
3032.811032	1.100547	12.106014	0.103136
3033.869082	0.737747	284.179687	-157.128906
3033.871086	1.050835	284.179687	-157.128906
3033.873089	1.103132	284.179687	-157.128906
3033.877096	1.098289	12.081182	0.137680
3034.889658	0.394754	129.199219	239.843750
3034.891659	0.756387	129.199219	239.843750
3034.893661	1.060270	129.199219	239.843750
3034.895659	1.102887	129.199219	239.843750
3034.897660	1.099785	12.097640	0.106659
3035.953697	0.415525	261.621094	-153.515625
3035.955700	0.776155	261.621094	-153.515625
3035.957701	1.069671	261.621094	-153.515625
3035.959700	1.103105	261.621094	-153.515625
3035.963697	1.098483	12.083318	0.136644
3036.979748	0.919248	130.859375	238.769531
3036.981750	1.104154	130.859375	238.769531
3036.983749	1.102214	12.124352	0.105631
3038.040311	0.683403	249.511719	-151.074219
3038.042315	1.017691	249.511719	-151.074219
3038.044314	1.104117	249.511719	-151.074219
3038.046315	1.100782	12.108603	0.140334
3039.064298	0.588770	134.179687	236.035156
3039.068299	1.105350	134.179687	236.035156
3039.070300	1.105413	134.179687	236.035156
3039.072300	1.100131	12.101441	0.102082
3040.126336	0.432265	283.691406	-153.320312
3040.128338	0.792057	283.691406	-153.320312
3040.130338	1.075836	283.691406	-153.320312
3040.134337	1.099313	283.691406	-153.320312
3040.136337	1.097827	12.076096	0.137166
3041.150911	0.490441	126.562500	240.234375
3041.152913	0.848098	126.562500	240.234375
3041.154913	1.093347	126.562500	240.234375
3041.156912	1.101949	126.562500	240.234375
3041.158913	1.099215	12.091366	0.103913
3042.214968	0.962511	301.464844	-154.003906
3042.218968	1.100842	301.464844	-154.003906
3042.220969	1.098696	12.085657	0.137089
3043.239021	0.521016	125.683594	239.550781
3043.241025	0.578115	125.683594	239.550781
3043.243024	1.100088	125.683594	239.550781
3043.245024	1.102811	125.683594	239.550781
3043.247023	1.100223	12.102452	0.101558
3044.299078	0.604358	274.218750	-149.609375
3044.301079	0.956254	274.218750	-149.609375
3044.303078	1.106876	274.218750	-149.609375
3044.305079	1.103656	12.140214	0.133931
3045.325145	0.561819	126.367187	238.671875
3045.327146	0.916990	126.367187	238.671875
3045.329146	1.103680	126.367187	238.671875
3045.331146	1.101794	12.119733	0.100919
3046.387154	0.857931	293.847656	-149.023437
3046.389158	1.095914	293.847656	-149.023437
3046.391157	1.102285	293.847656	-149.023437
3046.393157	1.099603	12.095629	0.133641
3047.411748	0.553060	132.324219	232.812500
3047.413750	0.908525	132.324219	232.812500
3047.417750	1.101674	132.324219	232.812500
3047.419752	1.099247	12.091720	0.099303
3048.475771	0.972144	260.351562	-143.359375
3048.477773	1.104471	260.351562	-143.359375
3048.479774	1.100846	12.109303	0.129942
3049.497775	0.530505	131.347656	231.738281
3049.499777	0.886809	131.347656	231.738281
3049.501776	1.101731	131.347656	231.738281
3049.503777	1.103073	131.347656	231.738281
3049.505778	1.100534	12.105872	0.102412
3050.560743	0.725586	298.242187	-145.214844
3050.562745	1.044256	298.242187	-145.214844
3050.564745	1.103962	298.242187	-145.214844
3050.566746	1.100740	12.108141	0.513492
3051.583262	0.460270	123.828125	237.304687
3051.585264	0.818989	123.828125	237.304687
3051.587264	1.085349	123.828125	237.304687
3051.589264	1.102102	123.828125	237.304687
3051.591266	1.099369	12.093059	0.098534
3052.647296	0.754782	305.761719	-144.140625
3052.649298	1.059762	305.761719	-144.140625
3052.651299	1.063101	305.761719	-144.140625
3052.653300	1.100303	12.103337	0.636834
3053.670234	0.471007	130.957031	231.250000
3053.672235	0.829361	130.957031	231.250000
3053.674235	1.088662	130.957031	231.250000
3053.676234	1.102395	130.957031	231.250000
3053.678235	1.099587	12.095459	0.097974
3054.731180	0.295261	280.859375	-140.136719
3054.733181	0.661742	280.859375	-140.136719
3054.735181	1.002136	280.859375	-140.136719
3054.737182	1.103917	280.859375	-140.136719
3054.739181	1.100270	12.102974	0.139118
3055.757238	0.670405	125.878906	234.375000
3055.759239	1.008492	125.878906	234.375000
3055.761240	1.103931	125.878906	234.375000
3055.763239	1.100381	12.104189	0.246528
3056.819283	0.469831	310.156250	-142.187500
3056.821283	0.828087	310.156250	-142.187500
3056.823283	1.088161	310.156250	-142.187500
3056.825285	1.102191	310.156250	-142.187500
3056.827284	1.099470	12.094174	0.132783
3057.843853	0.846469	129.199219	230.761719
3057.845854	1.093429	129.199219	230.761719
3057.847854	1.102558	129.199219	230.761719
3057.849856	1.099850	12.098348	0.095956
3058.906453	0.516472	311.718750	-141.210937
3058.908454	0.873152	311.718750	-141.210937
3058.914455	1.099818	311.718750	-141.210937
3058.916455	1.098465	311.718750	-141.210937
3058.918455	1.097443	12.071868	0.133385
3059.931016	0.973199	125.683594	233.593750
3059.933018	1.104761	125.683594	233.593750
3059.935018	1.101082	12.111899	0.096275
3060.995078	0.641675	319.433594	-141.503906
3060.997079	0.987233	319.433594	-141.503906
3060.999079	1.105989	319.433594	-141.503906
3061.001079	1.102587	12.128462	0.132539
3062.015626	0.756555	127.148437	232.519531
3062.017628	1.060324	127.148437	232.519531
3062.019627	1.102596	127.148437	232.519531
3062.021629	1.099484	12.094325	0.097460
3063.079666	0.405222	312.792969	-139.550781
3063.081669	0.766232	312.792969	-139.550781
3063.083668	1.064702	312.792969	-139.550781
3063.085669	1.102086	312.792969	-139.550781
3063.087670	1.099118	12.090293	0.134561
3064.099688	0.380226	129.101562	231.738281
3064.101691	0.742361	129.101562	231.738281
3064.103690	1.053120	129.101562	231.738281
3064.105690	1.102905	129.101562	231.738281
3064.107690	1.099726	12.096984	0.101551
3065.166660	0.467663	298.144531	-137.402344
3065.168663	0.826077	298.144531	-137.402344
3065.170662	1.087416	298.144531	-137.402344
3065.174662	1.099134	298.144531	-137.402344
3065.176663	1.097668	12.074350	0.132821
3066.186705	0.494343	126.757812	234.179687
3066.188707	0.851821	126.757812	234.179687
3066.190707	1.094400	126.757812	234.179687
3066.192708	1.102103	126.757812	234.179687
3066.194707	1.099412	12.093528	0.095679
3067.254784	0.640626	306.542969	-138.085937
3067.256786	0.986270	306.542969	-138.085937
3067.258786	1.105428	306.542969	-138.085937
3067.260786	1.102015	12.122161	0.158019
3068.272813	0.393059	125.683594	235.449219
3068.274815	0.754711	125.683594	235.449219
3068.276815	1.059613	125.683594	235.449219
3068.278814	1.103223	125.683594	235.449219
3068.280814	1.100115	12.101264	0.096256
3069.340850	0.671591	288.867187	-136.035156
3069.342852	1.009319	288.867187	-136.035156
3069.346850	1.100664	288.867187	-136.035156
3069.348852	1.098719	12.085906	0.133428
3070.360870	0.693408	123.632812	237.207031
3070.362872	1.024309	123.632812	237.207031
3070.364874	1.103957	123.632812	237.207031
3070.366872	1.100513	12.105642	0.349720
3071.426922	0.566072	303.613281	-137.500000
3071.428925	0.920897	303.613281	-137.500000
3071.430924	1.103966	303.613281	-137.500000
3071.432926	1.101858	12.120442	0.129737
3072.446976	0.501950	125.292969	236.816406
3072.448980	0.859159	125.292969	236.816406
3072.450980	1.095846	125.292969	236.816406
3072.452978	1.101783	125.292969	236.816406
3072.454980	1.099221	12.091427	0.094071
3073.513025	0.604102	319.921875	-139.062500
3073.515028	0.955814	319.921875	-139.062500
3073.517026	1.105113	319.921875	-139.062500
3073.519028	1.101689	12.118582	0.134167
3074.533582	0.582760	124.609375	237.500000
3074.535584	0.936792	124.609375	237.500000
3074.537586	1.104723	124.609375	237.500000
3074.539585	1.101911	12.121017	0.094957
3075.597654	0.374125	308.300781	-137.988281
3075.599655	0.736559	308.300781	-137.988281
3075.601655	1.050199	308.300781	-137.988281
3075.603656	1.103240	308.300781	-137.988281
3075.605660	1.100012	12.100130	0.132924
3076.621719	0.847270	126.757812	235.546875
3076.623725	1.093071	126.757812	235.546875
3076.625722	1.101642	126.757812	235.546875
3076.627727	1.099006	12.089062	0.094148
3077.686333	0.741428	323.535156	-140.136719
3077.688337	1.052552	323.535156	-140.136719
3077.690336	1.102645	323.535156	-140.136719
3077.692337	1.099455	12.094007	0.135142
3078.708359	0.478353	125.585937	238.476562
3078.710360	0.836353	125.585937	238.476562
3078.712360	1.090109	125.585937	238.476562
3078.714361	1.101670	125.585937	238.476562
3078.716361	1.098948	12.088432	0.094949
3079.770417	0.553935	312.011719	-139.843750
3079.772417	0.909247	312.011719	-139.843750
3079.774417	1.102620	312.011719	-139.843750
3079.776418	1.101073	12.111802	0.132406
3080.794952	0.557437	129.785156	235.937500
3080.796955	0.912547	129.785156	235.937500
3080.798956	1.103143	129.785156	235.937500
3080.802953	1.099120	12.090319	0.096270
3081.858991	0.891549	306.640625	-139.941406
3081.860992	1.101409	306.640625	-139.941406
3081.862991	1.101284	306.640625	-139.941406
3081.864990	1.098848	12.087333	0.128145
3082.883540	0.945417	129.492187	238.281250
3082.885541	1.104484	129.492187	238.281250
3082.887541	1.101294	12.114239	0.094262
3083.944522	1.001889	302.148437	-141.113281
3083.946525	1.103622	302.148437	-141.113281
3083.948525	1.100003	12.100033	0.132460
3084.969037	0.653771	129.101562	238.476562
3084.971040	0.996349	129.101562	238.476562
3084.973041	1.104950	129.101562	238.476562
3084.975040	1.101333	12.114664	0.094759
3086.027974	0.535458	304.101562	-142.968750
3086.029999	0.891484	304.101562	-142.968750
3086.032004	1.101043	304.101562	-142.968750
3086.034004	1.100834	304.101562	-142.968750
3086.036003	1.098467	12.083141	0.127418
3087.054962	0.475049	121.777344	246.289062
3087.056966	0.833187	121.777344	246.289062
3087.058965	1.089195	121.777344	246.289062
3087.060965	1.101501	121.777344	246.289062
3087.062966	1.098798	12.086775	0.094883
3088.113026	0.523952	291.699219	-143.847656
3088.115028	0.880310	291.699219	-143.847656
3088.119026	1.101360	291.699219	-143.847656
3088.121028	1.098918	291.699219	-143.847656
3088.123028	1.097588	12.073473	0.130632
3089.141118	0.381517	120.898437	248.242187
3089.143121	0.743584	120.898437	248.242187
3089.145119	1.053805	120.898437	248.242187
3089.147121	1.102944	120.898437	248.242187
3089.149129	1.099822	12.098039	0.095229
3090.201203	1.397913	283.105469	-144.238281
3090.203203	0.963134	283.105469	-144.238281
3090.205203	1.104722	283.105469	-144.238281
3090.209202	1.099056	12.089611	0.126582
3091.229269	0.654444	125.976562	245.507812
3091.231270	0.996884	125.976562	245.507812
3091.233270	1.105005	125.976562	245.507812
3091.235272	1.101412	12.115533	0.174713
3092.287820	0.560136	288.476562	-145.898437
3092.289821	0.915173	288.476562	-145.898437
3092.291821	1.103649	288.476562	-145.898437
3092.295819	1.099420	12.093616	0.125998
3093.314349	0.600339	121.093750	251.464844
3093.318349	1.105085	121.093750	251.464844
3093.320350	1.101901	121.093750	251.464844
3093.322351	1.099688	12.096567	0.094781
3094.374427	0.688136	285.546875	-146.972656
3094.376427	1.020456	285.546875	-146.972656
3094.378427	1.103196	285.546875	-146.972656
3094.380428	1.099702	12.096718	0.353067
3095.402988	0.907639	120.898437	254.394531
3095.404989	1.102476	120.898437	254.394531
3095.406988	1.101228	12.113512	0.093200
3096.459066	0.370514	271.972656	-145.898437
3096.461066	0.733083	271.972656	-145.898437
3096.463066	1.048152	271.972656	-145.898437
3096.465067	1.103148	271.972656	-145.898437
3096.467067	1.100044	12.100484	0.130150
3097.489142	0.951314	123.242187	251.953125
3097.491142	1.104495	123.242187	251.953125
3097.493142	1.101088	12.111970	0.094133
3098.547172	0.679139	266.601562	-145.800781
3098.549173	1.014324	266.601562	-145.800781
3098.551174	1.103255	266.601562	-145.800781
3098.555172	1.097851	12.076362	0.323952
3099.575184	0.847951	124.511719	252.246094
3099.577187	1.093257	124.511719	252.246094
3099.579187	1.101689	124.511719	252.246094
3099.581186	1.099043	12.089469	0.095716
3100.635724	0.878006	286.035156	-147.949219
3100.637725	1.098992	286.035156	-147.949219
3100.639725	1.101310	286.035156	-147.949219
3100.641727	1.098858	12.087440	0.124546
3101.658277	0.439525	127.929687	249.804687
3101.660279	0.798911	127.929687	249.804687
3101.662280	1.078127	127.929687	249.804687
3101.664280	1.101586	127.929687	249.804687
3101.666279	1.098832	12.087156	0.094883
3102.719262	0.364353	294.238281	-149.316406
3102.721262	0.727266	294.238281	-149.316406
3102.723263	1.044912	294.238281	-149.316406
3102.725263	1.103275	294.238281	-149.316406
3102.727263	1.100008	12.100085	0.125932
3103.747296	0.859378	127.050781	249.707031
3103.749298	1.095749	127.050781	249.707031
3103.751297	1.101567	127.050781	249.707031
3103.753299	1.101475	12.116223	0.092622
3104.811342	1.104156	245.703125	-143.554687
3104.813350	1.104352	245.703125	-143.554687
3104.815351	1.099273	12.092003	0.124556
3105.831416	0.499256	125.000000	254.492187
3105.833419	0.856449	125.000000	254.492187
3105.835418	1.095350	125.000000	254.492187
3105.837419	1.101787	125.000000	254.492187
3105.839424	1.099245	12.091693	0.095522
3106.892003	0.305004	298.242187	-147.070312
3106.894005	0.670884	298.242187	-147.070312
3106.896007	1.008767	298.242187	-147.070312
3106.898005	1.103935	298.242187	-147.070312
3106.900006	1.100377	12.104144	0.131271
3107.918065	0.497187	122.851562	258.203125
3107.922064	1.094238	122.851562	258.203125
3107.924065	1.100990	122.851562	258.203125
3107.926065	1.100866	12.109524	0.093959
3108.980125	0.665402	264.062500	-142.773437
3108.982129	1.004776	264.062500	-142.773437
3108.984128	1.103819	264.062500	-142.773437
3108.986125	1.100304	12.103347	0.259929
3110.004216	0.405277	126.855469	254.492187
3110.006216	0.766216	126.855469	254.492187
3110.008218	1.064870	126.855469	254.492187
3110.010218	1.102627	126.855469	254.492187
3110.012217	1.099651	12.096159	0.094190
3111.067166	0.736240	299.316406	-146.386719
3111.069168	1.049866	299.316406	-146.386719
3111.071168	1.102911	299.316406	-146.386719
3111.073169	1.099691	12.096602	0.129625
3112.091197	0.511763	123.144531	257.128906
3112.093200	0.868528	123.144531	257.128906
3112.095199	1.097455	123.144531	257.128906
3112.097199	1.101389	123.144531	257.128906
3112.099202	1.098885	12.087731	0.094299
3113.155238	1.101833	295.507812	-144.433594
3113.159239	1.098798	12.086775	0.124874
3114.177775	0.497494	120.800781	260.351562
3114.179777	0.854858	120.800781	260.351562
3114.181778	1.095128	120.800781	260.351562
3114.183777	1.102083	120.800781	260.351562
3114.185779	1.099379	12.093174	0.096660
3115.237833	0.490740	290.429687	-142.675781
3115.239835	0.848296	290.429687	-142.675781
3115.241835	0.858565	290.429687	-142.675781
3115.243835	1.094919	290.429687	-142.675781
3115.245837	1.099278	12.092056	0.124364
3116.264383	0.486645	120.605469	259.960937
3116.266384	0.844372	120.605469	259.960937
3116.268384	1.092363	120.605469	259.960937
3116.270385	1.101680	120.605469	259.960937
3116.272385	1.099080	12.089876	0.097115
3117.326436	0.967910	294.433594	-141.503906
3117.328438	1.104803	294.433594	-141.503906
3117.330436	1.101215	12.113361	0.124084
3118.350955	0.472107	120.117187	260.546875
3118.354955	1.088823	120.117187	260.546875
3118.356956	1.102230	120.117187	260.546875
3118.358957	1.099511	12.094618	0.092707
3119.411017	0.651777	297.070312	-139.550781
3119.413018	0.994814	297.070312	-139.550781
3119.415018	1.104731	297.070312	-139.550781
3119.417019	1.101219	12.113405	0.203522
3120.439558	0.822861	122.167969	258.300781
3120.441561	1.086463	122.167969	258.300781
3120.443560	1.101943	122.167969	258.300781
3120.447560	1.097734	12.075076	0.093525
3121.495612	0.322221	296.191406	-136.914062
3121.497616	0.687187	296.191406	-136.914062
3121.499613	1.019794	296.191406	-136.914062
3121.501614	1.103057	296.191406	-136.914062
3121.503613	1.099518	12.094697	0.126052
3122.523663	0.411594	128.320312	252.148437
3122.525664	0.772204	128.320312	252.148437
3122.527664	1.067705	128.320312	252.148437
3122.531662	1.099663	128.320312	252.148437
3122.533664	1.098008	12.078090	0.092566
3123.583679	0.627469	304.882812	-137.011719
3123.585680	0.975547	304.882812	-137.011719
3123.587681	0.980800	304.882812	-137.011719
3123.589679	1.101269	12.113964	0.127892
3124.612236	0.757139	119.042969	259.082031
3124.614237	1.060637	119.042969	259.082031
3124.616237	1.102567	119.042969	259.082031
3124.618239	1.099556	12.095115	0.623116
3125.670259	0.612748	293.066406	-134.082031
3125.674260	1.105741	293.066406	-134.082031
3125.676262	1.102334	293.066406	-134.082031
3125.678261	1.100110	12.101211	0.123773
3126.696307	0.382239	126.367187	251.562500
3126.698307	0.744228	126.367187	251.562500
3126.700310	1.055061	126.367187	251.562500
3126.702307	1.104937	126.367187	251.562500
3126.704306	1.102020	12.122224	0.091111
3127.758912	0.962586	305.468750	-133.593750
3127.760914	1.104431	305.468750	-133.593750
3127.762912	1.100916	12.110074	0.122476
3128.783503	0.573394	119.531250	257.519531
3128.785505	0.927868	119.531250	257.519531
3128.787508	1.104188	119.531250	257.519531
3128.789505	1.101688	12.118563	0.090108
3129.843552	0.656138	316.113281	-133.105469
3129.845555	0.998058	316.113281	-133.105469
3129.847555	1.104880	316.113281	-133.105469
3129.849555	1.101401	12.115408	0.127353
3130.871595	0.872784	125.195312	251.562500
3130.873597	1.098450	125.195312	251.562500
3130.875595	1.101765	125.195312	251.562500
3130.877595	1.099186	12.091046	0.089262
3131.930170	0.602357	285.742187	-129.882812
3131.932172	0.954545	285.742187	-129.882812
3131.934172	1.108175	285.742187	-129.882812
3131.936171	1.104921	12.154128	0.126271
3132.956261	0.607761	121.777344	253.320312
3132.958262	0.958844	121.777344	253.320312
3132.960264	1.104818	121.777344	253.320312
3132.962264	1.101407	12.115479	0.087652
3134.016290	0.412265	321.386719	-132.226562
3134.018293	0.772824	321.386719	-132.226562
3134.020293	1.067661	321.386719	-132.226562
3134.022291	1.102165	321.386719	-132.226562
3134.024293	1.099146	12.090604	0.129566
3135.042886	0.920638	126.660156	248.242187
3135.044885	1.103066	126.660156	248.242187
3135.046889	1.100870	12.109569	0.089146
3136.102901	0.498237	298.144531	-129.296875
3136.104904	0.855436	298.144531	-129.296875
3136.106904	1.094911	298.144531	-129.296875
3136.108905	1.101661	298.144531	-129.296875
3136.112902	1.097629	12.073924	0.125050
3137.126964	0.463028	119.238281	255.078125
3137.128965	0.821508	119.238281	255.078125
3137.130965	1.085956	119.238281	255.078125
3137.132966	1.101826	119.238281	255.078125
3137.134965	1.099032	12.089354	0.090481
3138.191002	0.710891	292.382812	-128.320312
3138.193005	1.035019	292.382812	-128.320312
3138.195002	1.102875	292.382812	-128.320312
3138.197002	1.099561	12.095167	0.125764
3139.217030	1.038870	123.242187	251.953125
3139.219032	1.103182	123.242187	251.953125
3139.221033	1.099796	12.097755	0.452599
3140.275536	0.466287	336.425781	-131.054687
3140.277536	0.824617	336.425781	-131.054687
3140.279536	1.086996	336.425781	-131.054687
3140.281536	1.101929	336.425781	-131.054687
3140.283536	1.099202	12.091224	0.130014
3141.302071	0.960882	117.578125	257.128906
3141.304073	1.103991	117.578125	257.128906
3141.306073	1.100435	12.104782	0.086225
3142.362097	0.404117	337.207031	-130.859375
3142.364100	0.764980	337.207031	-130.859375
3142.366100	1.064021	337.207031	-130.859375
3142.368099	1.101938	337.207031	-130.859375
3142.370099	1.098910	12.088006	0.124893
3143.389042	1.005661	117.089844	257.714844
3143.391043	1.104729	117.089844	257.714844
3143.393043	1.104622	12.150840	0.231807
3144.449101	0.514405	334.667969	-131.347656
3144.451103	0.871160	334.667969	-131.347656
3144.453102	1.098620	334.667969	-131.347656
3144.455102	1.102230	334.667969	-131.347656
3144.457104	1.099735	12.097081	0.126695
3145.472048	0.317841	121.777344	254.003906
3145.476048	1.016969	121.777344	254.003906
3145.478049	1.103176	121.777344	254.003906
3145.480050	1.099545	12.094999	0.089467
3146.534059	0.294896	297.656250	-127.050781
3146.536061	0.661226	297.656250	-127.050781
3146.538060	1.001789	297.656250	-127.050781
3146.540060	1.104321	297.656250	-127.050781
3146.542060	1.100732	12.108053	0.125075
3147.560114	0.577592	124.218750	253.808594
3147.562113	0.931760	124.218750	253.808594
3147.564114	1.104267	124.218750	253.808594
3147.566119	1.101593	12.117517	0.090486
3148.620640	1.719775	296.875000	-126.464844
3148.622641	0.784662	296.875000	-126.464844
3148.624641	1.073185	296.875000	-126.464844
3148.628639	1.100059	296.875000	-126.464844
3148.632641	1.097409	12.071505	0.127455
3149.646693	0.608528	121.093750	258.007812
3149.648696	0.959567	121.093750	258.007812
3149.650695	1.104503	121.093750	258.007812
3149.652697	1.101029	12.111323	0.087159
3150.706730	0.363829	315.039062	-128.515625
3150.708733	0.726638	315.039062	-128.515625
3150.710732	1.044460	315.039062	-128.515625
3150.712732	1.102810	315.039062	-128.515625
3150.714734	1.099536	12.094900	0.123397
3151.732808	0.512766	123.144531	256.347656
3151.734809	0.869444	123.144531	256.347656
3151.738807	1.101240	123.144531	256.347656
3151.740810	1.098805	123.144531	256.347656
3151.742809	1.097402	12.071424	0.088471
3152.794847	0.724709	328.613281	-130.664062
3152.798845	1.102528	328.613281	-130.664062
3152.800848	1.099263	328.613281	-130.664062
3152.802848	1.097624	12.073862	0.123074
3153.819377	0.543221	120.800781	259.082031
3153.823381	1.101903	120.800781	259.082031
3153.825383	1.101257	120.800781	259.082031
3153.827384	1.098887	12.087758	0.088789
3154.881449	0.805448	324.902344	-131.250000
3154.883450	1.080057	324.902344	-131.250000
3154.885449	1.101138	324.902344	-131.250000
3154.887449	1.098400	12.082405	0.121375
3155.906003	0.445954	119.628906	260.742187
3155.908004	0.805003	119.628906	260.742187
3155.910004	1.080288	119.628906	260.742187
3155.912004	1.101593	119.628906	260.742187
3155.914004	1.098745	12.086189	0.089824
3156.966041	1.699927	316.113281	-130.468750
3156.968042	0.967673	316.113281	-130.468750
3156.970043	1.105417	316.113281	-130.468750
3156.972043	1.102042	12.122463	0.121433
3157.992600	0.481964	117.382812	264.355469
3157.994600	0.839739	117.382812	264.355469
3157.996603	1.092508	117.382812	264.355469
3157.998601	1.103799	117.382812	264.355469
3158.000602	1.101173	12.112901	0.092607
3159.050600	0.379117	291.699219	-128.710937
3159.052603	0.741175	291.699219	-128.710937
3159.054603	1.052594	291.699219	-128.710937
3159.056603	1.103201	291.699219	-128.710937
3159.058603	1.100035	12.100388	0.122827
3160.082648	0.985085	123.437500	261.914062
3160.084651	1.104411	123.437500	261.914062
3160.086649	1.100727	12.107999	0.118816
3161.137196	0.462965	319.042969	-132.812500
3161.139197	0.821393	319.042969	-132.812500
3161.141196	1.085989	319.042969	-132.812500
3161.143199	1.101947	319.042969	-132.812500
3161.145199	1.099137	12.090506	0.122628
3162.165764	0.455600	122.265625	264.160156
3162.167765	0.814392	122.265625	264.160156
3162.169767	1.083633	122.265625	264.160156
3162.171766	1.101807	122.265625	264.160156
3162.175766	1.097580	12.073383	0.089332
3163.223834	0.506139	295.507812	-131.835937
3163.225835	0.863040	295.507812	-131.835937
3163.227836	1.095819	295.507812	-131.835937
3163.229836	1.100674	295.507812	-131.835937
3163.231836	1.098284	12.081129	0.120205
3164.253888	0.672920	123.046875	264.550781
3164.255891	1.010172	123.046875	264.550781
3164.257889	1.104220	123.046875	264.550781
3164.259889	1.100660	12.107256	0.258644
3165.309936	0.453650	297.558594	-132.714844
3165.311940	0.812461	297.558594	-132.714844
3165.315937	1.102320	297.558594	-132.714844
3165.317938	1.099428	297.558594	-132.714844
3165.321938	1.096970	12.066675	0.122457
3166.339935	0.657505	123.242187	266.308594
3166.341937	0.999036	123.242187	266.308594
3166.343936	1.104806	123.242187	266.308594
3166.345936	1.101238	12.113618	0.203110
3167.397988	0.749660	307.324219	-134.472656
3167.399990	1.056429	307.324219	-134.472656
3167.401990	1.101834	307.324219	-134.472656
3167.403991	1.098800	12.086801	0.611783
3168.424985	0.503730	119.140625	271.972656
3168.426988	0.860705	119.140625	271.972656
3168.428987	1.096103	119.140625	271.972656
3168.430988	1.101714	119.140625	271.972656
3168.432987	1.099150	12.090647	0.088948
3169.483072	0.556089	283.398437	-133.007812
3169.485076	0.911261	283.398437	-133.007812
3169.487075	1.103745	283.398437	-133.007812
3169.489076	1.102333	12.125663	0.124870
3170.511105	0.453611	125.781250	266.601562
3170.515105	1.083013	125.781250	266.601562
3170.517105	1.101830	125.781250	266.601562
3170.519105	1.099028	12.089310	0.093077
3171.569658	0.543760	304.589844	-135.253906
3171.571663	0.565569	304.589844	-135.253906
3171.573666	1.102414	304.589844	-135.253906
3171.575665	1.101940	12.121338	0.124917
3172.600287	0.948553	119.921875	273.339844
3172.602290	1.103534	119.921875	273.339844
3172.604289	1.103521	12.138734	0.088258
3173.658309	0.898158	317.480469	-138.183594
3173.660310	1.101779	317.480469	-138.183594
3173.662310	1.101216	12.113379	0.119345
3174.684330	0.621189	121.582031	270.117187
3174.686332	0.970302	121.582031	270.117187
3174.688330	1.105273	121.582031	270.117187
3174.690330	1.101747	12.119219	0.091530
3175.742329	0.476197	314.062500	-137.890625
3175.744331	0.834169	314.062500	-137.890625
3175.746331	1.089503	314.062500	-137.890625
3175.748331	1.101441	314.062500	-137.890625
3175.750331	1.098731	12.086039	0.119655
3176.769258	0.450086	119.433594	273.535156
3176.771260	0.809025	119.433594	273.535156
3176.775257	1.101569	119.433594	273.535156
3176.777259	1.098732	119.433594	273.535156
3176.779260	1.097225	12.069476	0.090480
3177.829269	0.527101	279.980469	-134.863281
3177.831269	0.883193	279.980469	-134.863281
3177.833270	1.100333	279.980469	-134.863281
3177.835269	1.102088	279.980469	-134.863281
3177.837271	1.099569	12.095256	0.120173
3178.855293	0.335039	123.535156	267.968750
3178.857296	0.699229	123.535156	267.968750
3178.859295	1.027691	123.535156	267.968750
3178.861295	1.102750	123.535156	267.968750
3178.863295	1.099308	12.092394	0.093719
3179.915314	0.417609	314.355469	-138.378906
3179.917316	0.777864	314.355469	-138.378906
3179.919317	1.069819	314.355469	-138.378906
3179.921317	1.101825	314.355469	-138.378906
3179.923318	1.098884	12.087723	0.121636
3180.942277	0.490272	117.382812	275.781250
3180.944280	0.847703	117.382812	275.781250
3180.946280	1.093179	117.382812	275.781250
3180.948278	1.101754	117.382812	275.781250
3180.950279	1.099113	12.090248	0.092504
3182.002330	0.529271	290.332031	-135.546875
3182.004332	0.885365	290.332031	-135.546875
3182.006333	0.893191	290.332031	-135.546875
3182.008333	1.102325	290.332031	-135.546875
3182.010333	1.099718	12.096895	0.119501
