crossing time (s)	slope (V/s)	crossing number
281474976710655.000000	1.979873	4570	4905876480.000000
281474976710655.000000	2.063792	4571	4906990080.000000
281474976710655.000000	1.996195	4572	4907970560.000000
281474976710655.000000	2.032384	4573	4909085696.000000
281474976710655.000000	2.052802	4574	4910065664.000000
281474976710655.000000	2.096695	4575	4911171584.000000
281474976710655.000000	2.056333	4576	4912155136.000000
281474976710655.000000	2.120833	4577	4913254912.000000
281474976710655.000000	2.078453	4578	4914248704.000000
281474976710655.000000	2.153678	4579	4915339264.000000
281474976710655.000000	2.154843	4580	4916346368.000000
281474976710655.000000	2.173041	4581	4917419008.000000
281474976710655.000000	2.176735	4582	4918436864.000000
281474976710655.000000	2.197944	4583	4919506944.000000
281474976710655.000000	2.238899	4584	4920524288.000000
281474976710655.000000	2.195519	4585	4921598976.000000
281474976710655.000000	2.237449	4586	4922607104.000000
281474976710655.000000	2.197549	4587	4923695104.000000
281474976710655.000000	2.241147	4588	4924690432.000000
281474976710655.000000	2.234216	4589	4925787648.000000
281474976710655.000000	2.253427	4590	4926772736.000000
281474976710655.000000	2.266095	4591	4927877120.000000
281474976710655.000000	2.254249	4592	4928859136.000000
281474976710655.000000	2.275479	4593	4929965568.000000
281474976710655.000000	2.287790	4594	4930948608.000000
281474976710655.000000	2.290943	4595	4932050944.000000
281474976710655.000000	2.287606	4596	4933041152.000000
281474976710655.000000	2.305523	4597	4934136320.000000
281474976710655.000000	2.313627	4598	4935133184.000000
281474976710655.000000	2.327009	4599	4936219136.000000
281474976710655.000000	2.368255	4600	4937224192.000000
281474976710655.000000	2.353016	4601	4938302464.000000
281474976710655.000000	2.391294	4602	4939313152.000000
281474976710655.000000	2.369325	4603	4940389888.000000
281474976710655.000000	2.413217	4604	4941401600.000000
281474976710655.000000	2.377192	4605	4942477312.000000
281474976710655.000000	2.414524	4606	4943486464.000000
281474976710655.000000	2.393787	4607	4944564736.000000
281474976710655.000000	2.424982	4608	4945575424.000000
281474976710655.000000	2.407807	4609	4946654720.000000
281474976710655.000000	2.449087	4610	4947661312.000000
281474976710655.000000	2.403972	4611	4948744192.000000
281474976710655.000000	2.476217	4612	4949746176.000000
281474976710655.000000	2.425065	4613	4950835200.000000
281474976710655.000000	2.439564	4614	4951828480.000000
281474976710655.000000	2.423008	4615	4952923648.000000
281474976710655.000000	2.511625	4616	4953915392.000000
281474976710655.000000	2.455077	4617	4955013632.000000
281474976710655.000000	2.494737	4618	4956001280.000000
281474976710655.000000	2.492621	4619	4957101568.000000
281474976710655.000000	2.470915	4620	4958090752.000000
281474976710655.000000	2.501630	4621	4959186432.000000
281474976710655.000000	2.482678	4622	4960180224.000000
281474976710655.000000	2.520855	4623	4961268736.000000
281474976710655.000000	2.483255	4624	4962272256.000000
281474976710655.000000	2.541505	4625	4963351552.000000
281474976710655.000000	2.544823	4626	4964363264.000000
281474976710655.000000	2.556552	4627	4965432832.000000
281474976710655.000000	2.579983	4628	4966454784.000000
281474976710655.000000	2.559935	4629	4967518720.000000
281474976710655.000000	2.624210	4630	4968542720.000000
281474976710655.000000	2.559949	4631	4969605632.000000
281474976710655.000000	2.651191	4632	4970627072.000000
281474976710655.000000	2.560321	4633	4971696128.000000
281474976710655.000000	2.671584	4634	4972709376.000000
281474976710655.000000	2.555376	4635	4973785600.000000
281474976710655.000000	2.614094	4636	4974792192.000000
281474976710655.000000	2.549934	4637	4975878144.000000
281474976710655.000000	2.610935	4638	4976878592.000000
281474976710655.000000	2.571664	4639	4977965568.000000
281474976710655.000000	2.628225	4640	4978963456.000000
281474976710655.000000	2.589769	4641	4980054528.000000
281474976710655.000000	2.661898	4642	4981050368.000000
281474976710655.000000	2.586985	4643	4982140928.000000
281474976710655.000000	2.623945	4644	4983137280.000000
281474976710655.000000	2.592674	4645	4984227840.000000
281474976710655.000000	2.639710	4646	4985225216.000000
281474976710655.000000	2.623269	4647	4986312192.000000
281474976710655.000000	2.658758	4648	4987314176.000000
281474976710655.000000	2.628616	4649	4988397568.000000
281474976710655.000000	2.665954	4650	4989403136.000000
281474976710655.000000	2.629009	4651	4990480384.000000
281474976710655.000000	2.676904	4652	4991492608.000000
281474976710655.000000	2.635811	4653	4992563200.000000
281474976710655.000000	2.706861	4654	4993583616.000000
281474976710655.000000	2.670932	4655	4994648064.000000
281474976710655.000000	2.727513	4656	4995672064.000000
281474976710655.000000	2.705342	4657	4996734976.000000
281474976710655.000000	2.708719	4658	4997758464.000000
281474976710655.000000	2.689609	4659	4998822912.000000
281474976710655.000000	2.729259	4660	4999841792.000000
281474976710655.000000	2.682731	4661	5000912896.000000
281474976710655.000000	2.720106	4662	5001925120.000000
281474976710655.000000	2.668725	4663	5003004928.000000
281474976710655.000000	2.706398	4664	5004006912.000000
281474976710655.000000	2.667480	4665	5005094400.000000
281474976710655.000000	2.684465	4666	5006090752.000000
281474976710655.000000	2.676183	4667	5007183360.000000
281474976710655.000000	2.694947	4668	5008175104.000000
281474976710655.000000	2.693367	4669	5009271296.000000
281474976710655.000000	2.702949	4670	5010262016.000000
281474976710655.000000	2.702831	4671	5011357696.000000
281474976710655.000000	2.705513	4672	5012348928.000000
281474976710655.000000	2.709496	4673	5013443584.000000
281474976710655.000000	2.740779	4674	5014437888.000000
281474976710655.000000	2.705749	4675	5015526912.000000
281474976710655.000000	2.742129	4676	5016524800.000000
281474976710655.000000	2.708025	4677	5017613312.000000
281474976710655.000000	2.749497	4678	5018611712.000000
281474976710655.000000	2.725478	4679	5019698688.000000
281474976710655.000000	2.775118	4680	5020698624.000000
281474976710655.000000	2.706687	4681	5021785088.000000
281474976710655.000000	2.759625	4682	5022785536.000000
281474976710655.000000	2.720134	4683	5023872512.000000
281474976710655.000000	2.772046	4684	5024871936.000000
281474976710655.000000	2.717145	4685	5025959424.000000
281474976710655.000000	2.768466	4686	5026957312.000000
281474976710655.000000	2.734029	4687	5028046848.000000
281474976710655.000000	2.756961	4688	5029042176.000000
281474976710655.000000	2.742698	4689	5030134784.000000
281474976710655.000000	2.791411	4690	5031127552.000000
281474976710655.000000	2.759675	4691	5032222720.000000
281474976710655.000000	2.771051	4692	5033213952.000000
281474976710655.000000	2.766685	4693	5034308608.000000
281474976710655.000000	2.759636	4694	5035300864.000000
281474976710655.000000	2.758655	4695	5036395008.000000
281474976710655.000000	2.780264	4696	5037389312.000000
281474976710655.000000	2.782689	4697	5038477312.000000
281474976710655.000000	2.787208	4698	5039478784.000000
281474976710655.000000	2.791240	4699	5040561664.000000
281474976710655.000000	2.789874	4700	5041567744.000000
281474976710655.000000	2.785737	4701	5042643456.000000
281474976710655.000000	2.791468	4702	5043657216.000000
281474976710655.000000	2.813845	4703	5044726272.000000
281474976710655.000000	2.843255	4704	5045746688.000000
281474976710655.000000	2.826466	4705	5046809600.000000
281474976710655.000000	2.832369	4706	5047835136.000000
281474976710655.000000	2.820394	4707	5048896512.000000
281474976710655.000000	2.851450	4708	5049920512.000000
281474976710655.000000	2.818263	4709	5050982912.000000
281474976710655.000000	2.844682	4710	5052005376.000000
281474976710655.000000	2.816688	4711	5053071360.000000
281474976710655.000000	2.843050	4712	5054090240.000000
281474976710655.000000	2.807664	4713	5055158272.000000
281474976710655.000000	2.861669	4714	5056174592.000000
281474976710655.000000	2.809049	4715	5057246720.000000
281474976710655.000000	2.847568	4716	5058259456.000000
281474976710655.000000	2.802576	4717	5059334656.000000
281474976710655.000000	2.831946	4718	5060345344.000000
281474976710655.000000	2.818538	4719	5061422080.000000
281474976710655.000000	2.853800	4720	5062430720.000000
281474976710655.000000	2.800953	4721	5063507456.000000
281474976710655.000000	2.869815	4722	5064519168.000000
281474976710655.000000	2.823772	4723	5065592320.000000
281474976710655.000000	2.874900	4724	5066605568.000000
281474976710655.000000	2.835625	4725	5067677184.000000
281474976710655.000000	2.873221	4726	5068694528.000000
281474976710655.000000	2.852467	4727	5069761536.000000
281474976710655.000000	2.884525	4728	5070782464.000000
281474976710655.000000	2.879474	4729	5071846400.000000
281474976710655.000000	2.892226	4730	5072870400.000000
281474976710655.000000	2.881300	4731	5073931776.000000
281474976710655.000000	2.897667	4732	5074957312.000000
281474976710655.000000	2.873307	4733	5076017664.000000
281474976710655.000000	2.914141	4734	5077042688.000000
281474976710655.000000	2.855880	4735	5078105088.000000
281474976710655.000000	2.898728	4736	5079127040.000000
281474976710655.000000	2.841433	4737	5080194048.000000
281474976710655.000000	2.904758	4738	5081209856.000000
281474976710655.000000	2.830440	4739	5082284032.000000
281474976710655.000000	2.891464	4740	5083292672.000000
281474976710655.000000	2.844886	4741	5084373504.000000
281474976710655.000000	2.885305	4742	5085376000.000000
281474976710655.000000	2.821804	4743	5086462464.000000
281474976710655.000000	2.884929	4744	5087459840.000000
281474976710655.000000	2.834238	4745	5088550912.000000
281474976710655.000000	2.868811	4746	5089545216.000000
281474976710655.000000	2.851926	4747	5090637824.000000
281474976710655.000000	2.873743	4748	5091630592.000000
281474976710655.000000	2.852848	4749	5092724736.000000
281474976710655.000000	2.867198	4750	5093716992.000000
281474976710655.000000	2.864330	4751	5094810624.000000
281474976710655.000000	2.883182	4752	5095803392.000000
281474976710655.000000	2.863768	4753	5096897024.000000
281474976710655.000000	2.888793	4754	5097890304.000000
281474976710655.000000	2.878673	4755	5098983424.000000
281474976710655.000000	2.882283	4756	5099977216.000000
281474976710655.000000	2.869292	4757	5101069312.000000
281474976710655.000000	2.888021	4758	5102063104.000000
281474976710655.000000	2.877378	4759	5103155712.000000
281474976710655.000000	2.897159	4760	5104148992.000000
281474976710655.000000	2.879457	4761	5105242112.000000
281474976710655.000000	2.896761	4762	5106235392.000000
281474976710655.000000	2.879445	4763	5107328000.000000
281474976710655.000000	2.903808	4764	5108321280.000000
281474976710655.000000	2.878787	4765	5109414912.000000
281474976710655.000000	2.901627	4766	5110407168.000000
281474976710655.000000	2.893999	4767	5111501312.000000
281474976710655.000000	2.883512	4768	5112494592.000000
281474976710655.000000	2.891258	4769	5113586176.000000
281474976710655.000000	2.914206	4770	5114581504.000000
281474976710655.000000	2.869824	4771	5115671040.000000
281474976710655.000000	2.895450	4772	5116669440.000000
281474976710655.000000	2.851612	4773	5117754880.000000
281474976710655.000000	2.917898	4774	5118757888.000000
281474976710655.000000	2.882029	4775	5119837696.000000
281474976710655.000000	2.908764	4776	5120846336.000000
281474976710655.000000	2.897645	4777	5121921024.000000
281474976710655.000000	2.939137	4778	5122936320.000000
281474976710655.000000	2.908681	4779	5124004864.000000
281474976710655.000000	2.946304	4780	5125025280.000000
281474976710655.000000	2.933903	4781	5126089216.000000
281474976710655.000000	2.959943	4782	5127112704.000000
281474976710655.000000	2.937733	4783	5128174592.000000
281474976710655.000000	2.975509	4784	5129199104.000000
281474976710655.000000	2.930562	4785	5130260992.000000
281474976710655.000000	2.978432	4786	5131284992.000000
281474976710655.000000	2.923322	4787	5132346880.000000
281474976710655.000000	2.985903	4788	5133370368.000000
281474976710655.000000	2.944880	4789	5134434816.000000
281474976710655.000000	2.965485	4790	5135455232.000000
281474976710655.000000	2.928922	4791	5136523264.000000
281474976710655.000000	2.963260	4792	5137541120.000000
281474976710655.000000	2.919667	4793	5138609664.000000
281474976710655.000000	2.936438	4794	5139627008.000000
281474976710655.000000	2.933158	4795	5140696064.000000
281474976710655.000000	2.960341	4796	5141712896.000000
281474976710655.000000	2.935445	4797	5142781952.000000
281474976710655.000000	2.968013	4798	5143799296.000000
281474976710655.000000	2.898683	4799	5144868352.000000
281474976710655.000000	2.965167	4800	5145885696.000000
281474976710655.000000	2.931256	4801	5146953216.000000
281474976710655.000000	2.962327	4802	5147974656.000000
281474976710655.000000	2.931242	4803	5149038592.000000
281474976710655.000000	2.938015	4804	5150061056.000000
281474976710655.000000	2.934203	4805	5151123968.000000
281474976710655.000000	2.973279	4806	5152147968.000000
281474976710655.000000	2.952739	4807	5153209856.000000
281474976710655.000000	2.965096	4808	5154234368.000000
281474976710655.000000	2.957738	4809	5155296256.000000
281474976710655.000000	2.994797	4810	5156320768.000000
281474976710655.000000	2.933396	4811	5157383168.000000
281474976710655.000000	2.977595	4812	5158405632.000000
281474976710655.000000	2.918192	4813	5159471104.000000
281474976710655.000000	2.987787	4814	5160490496.000000
281474976710655.000000	2.914196	4815	5161559552.000000
281474976710655.000000	3.006564	4816	5162573312.000000
281474976710655.000000	2.908505	4817	5163648000.000000
281474976710655.000000	2.982281	4818	5164656640.000000
281474976710655.000000	2.902618	4819	5165736448.000000
281474976710655.000000	2.979132	4820	5166740992.000000
281474976710655.000000	2.905673	4821	5167825408.000000
281474976710655.000000	2.989004	4822	5168824832.000000
281474976710655.000000	2.901477	4823	5169913344.000000
281474976710655.000000	2.969084	4824	5170910208.000000
281474976710655.000000	2.918058	4825	5172002304.000000
281474976710655.000000	2.961164	4826	5172996096.000000
281474976710655.000000	2.913726	4827	5174088704.000000
281474976710655.000000	2.965190	4828	5175081472.000000
281474976710655.000000	2.923114	4829	5176175104.000000
281474976710655.000000	2.960869	4830	5177168384.000000
281474976710655.000000	2.932094	4831	5178261504.000000
281474976710655.000000	2.978654	4832	5179254272.000000
281474976710655.000000	2.931473	4833	5180348416.000000
281474976710655.000000	2.959481	4834	5181340672.000000
281474976710655.000000	2.925783	4835	5182435840.000000
281474976710655.000000	2.966918	4836	5183426560.000000
281474976710655.000000	2.931332	4837	5184521216.000000
281474976710655.000000	2.960006	4838	5185513472.000000
281474976710655.000000	2.926925	4839	5186607616.000000
281474976710655.000000	2.959935	4840	5187599872.000000
281474976710655.000000	2.925117	4841	5188692992.000000
281474976710655.000000	2.985068	4842	5189686784.000000
281474976710655.000000	2.913269	4843	5190777856.000000
281474976710655.000000	2.977131	4844	5191773696.000000
281474976710655.000000	2.920694	4845	5192863744.000000
281474976710655.000000	2.974988	4846	5193861632.000000
281474976710655.000000	2.906602	4847	5194949120.000000
281474976710655.000000	2.971246	4848	5195950592.000000
281474976710655.000000	2.912400	4849	5197032960.000000
281474976710655.000000	2.984199	4850	5198039040.000000
281474976710655.000000	2.933959	4851	5199116288.000000
281474976710655.000000	2.999562	4852	5200125952.000000
281474976710655.000000	2.937361	4853	5201200128.000000
281474976710655.000000	3.009376	4854	5202215424.000000
281474976710655.000000	2.975767	4855	5203285504.000000
281474976710655.000000	3.017524	4856	5204301824.000000
281474976710655.000000	2.946042	4857	5205369856.000000
281474976710655.000000	3.026221	4858	5206391808.000000
