time (s)	coil I (A)	last det (V)	int current (uC)
4904.916131	1.015132	323.242187	-200.390625
4904.918128	1.109569	323.242187	-200.390625
4904.920131	1.106037	12.166402	0.110837
4905.882209	0.839968	152.050781	205.957031
4905.884210	1.093697	152.050781	205.957031
4905.886211	1.104983	152.050781	205.957031
4905.888210	1.102628	12.128905	0.120126
4906.992802	0.292348	331.054687	-199.414062
4906.994804	0.660198	331.054687	-199.414062
4906.996804	1.002680	331.054687	-199.414062
4906.998803	1.109171	331.054687	-199.414062
4907.000805	1.105486	12.160349	0.120278
4907.976886	0.943137	149.121094	203.515625
4907.978889	1.107291	149.121094	203.515625
4907.980887	1.104411	12.148519	0.113472
4909.088963	0.396744	310.351562	-207.031250
4909.090963	0.759413	310.351562	-207.031250
4909.092963	1.064029	310.351562	-207.031250
4909.094964	1.106464	310.351562	-207.031250
4909.096964	1.103670	12.140374	0.102942
4910.068983	0.402544	146.093750	200.390625
4910.070985	0.764798	146.093750	200.390625
4910.072985	1.065894	146.093750	200.390625
4910.074985	1.105181	146.093750	200.390625
4910.076985	1.102414	12.126556	0.105793
4911.175042	0.431896	308.691406	-210.351562
4911.177045	0.792951	308.691406	-210.351562
4911.179044	1.078377	308.691406	-210.351562
4911.181043	1.105587	308.691406	-210.351562
4911.183044	1.102854	12.131397	0.120931
4912.159067	0.518850	146.777344	197.949219
4912.161069	0.876431	146.777344	197.949219
4912.163068	1.102066	146.777344	197.949219
4912.165068	1.105207	146.777344	197.949219
4912.167069	1.105144	12.156583	0.109812
4913.259175	0.576187	281.835937	-217.285156
4913.261177	0.931641	281.835937	-217.285156
4913.263177	1.107897	281.835937	-217.285156
4913.265177	1.105387	12.159260	0.114867
4914.255270	0.979696	150.195312	197.656250
4914.257273	1.108005	150.195312	197.656250
4914.259274	1.104528	12.149812	0.105833
4915.343805	0.627096	271.386719	-217.285156
4915.345807	0.976532	271.386719	-217.285156
4915.347812	1.109362	271.386719	-217.285156
4915.349817	1.105779	12.163567	0.119040
4916.354349	1.103095	153.613281	190.625000
4916.356352	1.105042	153.613281	190.625000
4916.358353	1.102774	12.130518	0.110322
4917.424880	0.864539	275.292969	-212.792969
4917.426882	1.099535	275.292969	-212.792969
4917.428881	1.104965	275.292969	-212.792969
4917.430882	1.102629	12.128923	0.115801
4918.441447	0.635042	154.687500	182.421875
4918.443450	0.982916	154.687500	182.421875
4918.445449	1.108279	154.687500	182.421875
4918.447448	1.104811	12.152924	0.113900
4919.513533	0.983078	254.101562	-213.281250
4919.515533	1.107280	254.101562	-213.281250
4919.517534	1.103952	12.143476	0.111662
4920.527553	0.397201	155.273437	177.148437
4920.529556	0.759574	155.273437	177.148437
4920.531555	1.063676	155.273437	177.148437
4920.533555	1.105666	155.273437	177.148437
4920.535556	1.102953	12.132486	0.106997
4921.603626	0.647426	271.679687	-206.640625
4921.605628	0.992648	271.679687	-206.640625
4921.607628	1.108231	271.679687	-206.640625
4921.609628	1.104602	12.150618	0.161961
4922.615655	1.109350	153.906250	170.800781
4922.617657	1.105767	153.906250	170.800781
4922.619657	1.103919	12.143112	0.115729
4923.703706	1.107444	280.078125	-203.515625
4923.705709	1.103994	280.078125	-203.515625
4923.709707	1.100593	12.106520	0.116382
4924.696260	0.857915	154.394531	173.144531
4924.698262	1.098229	154.394531	173.144531
4924.700263	1.105110	154.394531	173.144531
4924.702264	1.102697	12.129668	0.114826
4925.792783	0.736669	270.996094	-209.765625
4925.794785	1.052078	270.996094	-209.765625
4925.796786	1.106506	270.996094	-209.765625
4925.800783	1.101884	12.120726	0.110288
4926.778869	0.911278	151.562500	177.246094
4926.780870	0.918588	151.562500	177.246094
4926.782870	1.104569	12.150264	0.111044
4927.881392	0.580327	267.480469	-217.382812
4927.883394	0.596875	267.480469	-217.382812
4927.885395	1.106365	267.480469	-217.382812
4927.887395	1.103720	12.140924	0.110637
4928.863476	0.591445	148.535156	180.468750
4928.867476	1.107983	148.535156	180.468750
4928.869477	1.104962	148.535156	180.468750
4928.871477	1.102955	12.132504	0.103868
4929.969475	0.515856	278.417969	-220.605469
4929.971478	0.873474	278.417969	-220.605469
4929.973477	1.100991	278.417969	-220.605469
4929.975477	1.104653	278.417969	-220.605469
4929.977477	1.102304	12.125343	0.111354
4930.953465	0.684660	144.824219	180.371094
4930.955465	1.019503	144.824219	180.371094
4930.957466	1.105879	144.824219	180.371094
4930.959464	1.102626	12.128888	0.098657
4932.057571	0.990787	241.210937	-231.738281
4932.059571	1.107571	241.210937	-231.738281
4932.061573	1.107462	12.182080	0.136423
4933.045638	0.618590	149.023437	181.835937
4933.047640	0.969208	149.023437	181.835937
4933.049637	1.108134	149.023437	181.835937
4933.051638	1.104692	12.151610	0.098739
4934.140617	0.584544	240.917969	-231.933594
4934.142621	0.939258	240.917969	-231.933594
4934.146619	1.105366	240.917969	-231.933594
4934.148621	1.103393	12.137325	0.113720
4935.136707	0.446099	148.730469	178.710937
4935.138708	0.806165	148.730469	178.710937
4935.140709	1.083127	148.730469	178.710937
4935.142709	1.105232	148.730469	178.710937
4935.144710	1.102587	12.128454	0.101349
4936.222742	0.461132	245.312500	-230.859375
4936.224743	0.820641	245.312500	-230.859375
4936.226743	1.087812	245.312500	-230.859375
4936.228744	1.104777	245.312500	-230.859375
4936.230743	1.102236	12.124599	0.115237
4937.229664	0.794656	152.246094	178.417969
4937.231665	1.079442	152.246094	178.417969
4937.233667	1.106514	152.246094	178.417969
4937.235667	1.103882	12.142704	0.782015
4938.306628	0.561620	240.234375	-231.054687
4938.308631	0.917479	240.234375	-231.054687
4938.310628	1.106709	240.234375	-231.054687
4938.312631	1.104934	12.154279	0.118659
4939.316646	0.439988	152.539062	175.683594
4939.318646	0.800224	152.539062	175.683594
4939.320646	1.080603	152.539062	175.683594
4939.322646	1.104704	152.539062	175.683594
4939.324646	1.101955	12.121506	0.101724
4940.396695	1.014014	213.476562	-236.132812
4940.398702	1.106382	213.476562	-236.132812
4940.400698	1.103110	12.134206	0.298493
4941.408727	1.050593	153.417969	173.730469
4941.410727	1.105111	153.417969	173.730469
4941.412727	1.102149	12.123642	0.525127
4942.481265	0.523824	224.804687	-233.886719
4942.483267	0.881019	224.804687	-233.886719
4942.485268	1.103154	224.804687	-233.886719
4942.487268	1.105618	224.804687	-233.886719
4942.489268	1.103319	12.136510	0.114467
4943.491863	0.783586	155.664062	175.195312
4943.493866	1.073984	155.664062	175.195312
4943.495864	1.104931	155.664062	175.195312
4943.497867	1.102247	12.124714	0.102926
4944.569858	0.729927	230.175781	-234.472656
4944.571857	1.047763	230.175781	-234.472656
4944.573860	1.105669	230.175781	-234.472656
4944.575861	1.102689	12.129580	0.519591
4945.579903	0.616110	151.855469	171.875000
4945.581904	0.966935	151.855469	171.875000
4945.583906	1.107160	151.855469	171.875000
4945.585905	1.103828	12.142110	0.098590
4946.657966	0.392353	220.214844	-236.816406
4946.659968	0.754786	220.214844	-236.816406
4946.661967	1.061056	220.214844	-236.816406
4946.665964	1.102438	220.214844	-236.816406
4946.667968	1.100530	12.105829	0.117551
4947.668022	0.999659	152.343750	173.339844
4947.670026	1.107169	152.343750	173.339844
4947.672027	1.103733	12.141065	0.188764
4948.748594	0.601794	225.976562	-238.085937
4948.750594	0.954663	225.976562	-238.085937
4948.752596	1.107279	225.976562	-238.085937
4948.754594	1.104102	12.145123	0.114049
4949.749567	0.417833	147.753906	171.582031
4949.751569	0.778990	147.753906	171.582031
4949.753568	1.071954	147.753906	171.582031
4949.757567	1.101901	147.753906	171.582031
4949.759571	1.100187	12.102053	0.095497
4950.839604	0.600262	209.472656	-242.773437
4950.841606	0.953248	209.472656	-242.773437
4950.843605	1.106381	209.472656	-242.773437
4950.845606	1.103237	12.135606	0.111040
4951.833640	0.739882	151.660156	174.316406
4951.835642	1.053096	151.660156	174.316406
4951.837642	1.105122	151.660156	174.316406
4951.839643	1.102112	12.123234	0.093391
4952.928560	0.695985	232.324219	-237.109375
4952.930562	1.026800	232.324219	-237.109375
4952.932562	1.105440	232.324219	-237.109375
4952.934563	1.102252	12.124767	0.109129
4953.919067	0.469479	147.753906	170.214844
4953.921070	0.828418	147.753906	170.214844
4953.923071	1.089686	147.753906	170.214844
4953.925070	1.104259	147.753906	170.214844
4953.927070	1.101624	12.117863	0.089317
4955.019095	0.793922	229.199219	-235.253906
4955.021098	1.077915	229.199219	-235.253906
4955.023098	1.104288	229.199219	-235.253906
4955.025098	1.101628	12.117908	0.110641
4956.007151	0.865988	147.460937	165.332031
4956.009153	1.099164	147.460937	165.332031
4956.011153	1.104330	147.460937	165.332031
4956.013155	1.101779	12.119565	0.093012
4957.105168	0.459072	222.851562	-232.910156
4957.107172	0.818557	222.851562	-232.910156
4957.109171	1.087247	222.851562	-232.910156
4957.111173	1.104840	222.851562	-232.910156
4957.113169	1.102283	12.125113	0.110417
4958.099240	1.107127	153.515625	163.281250
4958.101244	1.103727	153.515625	163.281250
4958.103245	1.101658	12.118236	0.094268
4959.191796	0.775539	228.613281	-226.171875
4959.193797	1.070283	228.613281	-226.171875
4959.195802	1.104416	228.613281	-226.171875
4959.197803	1.101502	12.116526	0.106445
4960.184345	0.553562	153.906250	156.152344
4960.186347	0.909609	153.906250	156.152344
4960.188347	1.105311	153.906250	156.152344
4960.190348	1.104075	12.144822	0.096534
4961.272411	0.472329	209.375000	-225.097656
4961.274412	0.831429	209.375000	-225.097656
4961.276413	1.091040	209.375000	-225.097656
4961.278410	1.104772	209.375000	-225.097656
4961.280412	1.102212	12.124332	0.104175
4962.276485	0.569223	155.761719	151.660156
4962.278486	0.924520	155.761719	151.660156
4962.280490	1.106971	155.761719	151.660156
4962.282487	1.104793	12.152719	0.096941
4963.356505	0.700473	202.636719	-225.878906
4963.358508	1.029887	202.636719	-225.878906
4963.360506	1.105811	202.636719	-225.878906
4963.362508	1.102588	12.128471	0.385790
4964.368549	0.761008	157.031250	151.562500
4964.370550	1.063812	157.031250	151.562500
4964.372549	1.104914	157.031250	151.562500
4964.374550	1.102175	12.123925	0.096807
4965.436564	0.481565	214.843750	-228.417969
4965.438566	0.840166	214.843750	-228.417969
4965.440569	1.093214	214.843750	-228.417969
4965.442566	1.104316	214.843750	-228.417969
4965.444565	1.101687	12.118555	0.112930
4966.461504	1.001182	157.324219	154.394531
4966.463505	1.106175	157.324219	154.394531
4966.465506	1.102751	12.130261	0.200129
4967.521556	0.313053	193.066406	-237.890625
4967.523559	0.679268	193.066406	-237.890625
4967.525558	1.015403	193.066406	-237.890625
4967.527557	1.105225	193.066406	-237.890625
4967.529559	1.101824	12.120062	0.110842
4968.549558	1.017379	159.082031	158.300781
4968.551560	1.105724	159.082031	158.300781
4968.555559	1.100323	12.103551	0.091997
4969.612494	1.019530	173.828125	-245.703125
4969.614497	1.106269	173.828125	-245.703125
4969.616496	1.103048	12.133524	0.323180
4970.630539	0.433109	154.296875	159.277344
4970.632542	0.793412	154.296875	159.277344
4970.634541	1.077556	154.296875	159.277344
4970.636541	1.104165	154.296875	159.277344
4970.638540	1.101409	12.115498	0.090448
4971.702589	0.962777	174.121094	-249.609375
4971.704590	1.106742	174.121094	-249.609375
4971.706590	1.103553	12.139080	0.110239
4972.714661	0.762053	150.292969	161.230469
4972.716663	1.064400	150.292969	161.230469
4972.718663	1.105037	150.292969	161.230469
4972.720662	1.102248	12.124731	0.090074
4973.788770	0.378644	188.183594	-251.953125
4973.790773	0.741554	188.183594	-251.953125
4973.792772	1.053734	188.183594	-251.953125
4973.794772	1.104651	188.183594	-251.953125
4973.796772	1.101619	12.117810	0.116103
4974.798860	0.995338	149.023437	161.328125
4974.800862	1.105886	149.023437	161.328125
4974.802862	1.102504	12.127542	0.154646
4975.882910	0.669164	178.125000	-255.273437
4975.884910	1.008491	178.125000	-255.273437
4975.886909	1.106161	178.125000	-255.273437
4975.888912	1.102746	12.130209	0.109202
4976.882966	0.596554	147.753906	160.546875
4976.884970	0.949844	147.753906	160.546875
4976.886969	1.106633	147.753906	160.546875
4976.888969	1.103599	12.139594	0.089370
4977.971058	0.798921	205.664062	-251.855469
4977.973059	1.079899	205.664062	-251.855469
4977.975060	1.104390	205.664062	-251.855469
4977.977058	1.101683	12.118510	0.110105
4978.968000	0.627606	150.488281	161.914062
4978.970001	0.976329	150.488281	161.914062
4978.972000	1.106892	150.488281	161.914062
4978.974001	1.103494	12.138433	0.082421
4980.058010	0.437420	200.390625	-253.222656
4980.060014	0.797640	200.390625	-253.222656
4980.062013	1.079539	200.390625	-253.222656
4980.064013	1.104611	200.390625	-253.222656
4980.066014	1.101857	12.120425	0.114287
4981.054980	0.642568	148.437500	159.179687
4981.056982	0.988414	148.437500	159.179687
4981.058983	1.106814	148.437500	159.179687
4981.060982	1.103417	12.137582	0.126547
4982.147049	0.909169	185.351562	-256.347656
4982.149052	1.104580	185.351562	-256.347656
4982.151051	1.103417	12.137582	0.111449
4983.141157	0.510249	147.753906	158.105469
4983.143159	0.867605	147.753906	158.105469
4983.145158	1.098688	147.753906	158.105469
4983.147160	1.103250	147.753906	158.105469
4983.149160	1.100769	12.108460	0.087562
4984.231158	0.405507	180.078125	-257.812500
4984.233158	0.767132	180.078125	-257.812500
4984.235159	1.066354	180.078125	-257.812500
4984.237160	1.104275	180.078125	-257.812500
4984.239159	1.101355	12.114903	0.109410
4985.229169	0.521691	145.898437	156.054687
4985.231170	0.878818	145.898437	156.054687
4985.233169	1.100984	145.898437	156.054687
4985.235171	1.103658	145.898437	156.054687
4985.237169	1.101102	12.112121	0.084341
4986.319263	1.043368	171.191406	-259.960937
4986.321265	1.105179	171.191406	-259.960937
4986.323266	1.102086	12.122951	0.482145
4987.319304	0.732714	149.804687	157.031250
4987.321306	1.049029	149.804687	157.031250
4987.323306	1.105026	149.804687	157.031250
4987.325307	1.102024	12.122259	0.503546
4988.404294	1.001855	186.914062	-258.691406
4988.406295	1.106578	186.914062	-258.691406
4988.408296	1.103161	12.134772	0.219895
4989.406343	0.385990	148.535156	154.394531
4989.408344	0.748375	148.535156	154.394531
4989.410344	1.057161	148.535156	154.394531
4989.412344	1.104319	148.535156	154.394531
4989.414346	1.101418	12.115603	0.085361
4990.484379	0.530276	175.292969	-259.863281
4990.486385	0.886974	175.292969	-259.863281
4990.488382	1.102669	175.292969	-259.863281
4990.490382	1.104116	175.292969	-259.863281
4990.492382	1.101749	12.119237	0.107911
4991.496986	0.599305	150.585937	152.441406
4991.498989	0.952142	150.585937	152.441406
4991.502987	1.102668	150.585937	152.441406
4991.504989	1.100357	12.103922	0.086108
4992.569001	0.853989	181.835937	-256.542969
4992.573001	1.103919	181.835937	-256.542969
4992.575002	1.101305	181.835937	-256.542969
4992.577002	1.099627	12.095902	0.113512
4993.587042	0.427678	154.980469	151.074219
4993.589043	0.788176	154.980469	151.074219
4993.591043	1.075368	154.980469	151.074219
4993.593044	1.104160	154.980469	151.074219
4993.595043	1.101343	12.114771	0.086121
4994.653663	0.816267	163.867187	-254.882812
4994.655666	1.085389	163.867187	-254.882812
4994.657669	1.103554	163.867187	-254.882812
4994.659670	1.100772	12.108496	0.105584
4995.675701	0.462288	151.953125	146.484375
4995.679702	1.087056	151.953125	146.484375
4995.681704	1.103597	151.953125	146.484375
4995.683703	1.100895	12.109843	0.087655
4996.741772	1.010061	166.406250	-250.976562
4996.743773	1.105875	166.406250	-250.976562
4996.745774	1.102366	12.126026	0.255414
4997.762300	0.500581	157.714844	144.824219
4997.764302	0.858363	157.714844	144.824219
4997.766301	1.099359	157.714844	144.824219
4997.768301	1.106464	157.714844	144.824219
4997.774299	1.101390	12.115293	0.088785
4998.827313	0.600107	178.710937	-245.605469
4998.829315	0.952778	178.710937	-245.605469
4998.831315	0.959207	178.710937	-245.605469
4998.833315	1.103555	12.139106	0.102667
4999.845881	0.545638	157.324219	141.113281
4999.847889	0.901712	157.324219	141.113281
4999.849891	1.104127	157.324219	141.113281
4999.851890	1.103663	12.140294	0.084220
5000.917903	0.711952	183.398437	-241.699219
5000.919903	1.036782	183.398437	-241.699219
5000.923902	1.101782	183.398437	-241.699219
5000.925904	1.099878	12.098659	0.103623
5001.928483	0.414077	152.246094	137.988281
5001.930483	0.775134	152.246094	137.988281
5001.932484	1.069835	152.246094	137.988281
5001.934483	1.104059	152.246094	137.988281
5001.936481	1.101131	12.112439	0.086836
5003.008556	0.462483	176.171875	-242.187500
5003.010556	0.821669	176.171875	-242.187500
5003.012555	1.087260	176.171875	-242.187500
5003.016553	1.100882	176.171875	-242.187500
5003.018556	1.099180	12.090983	0.100070
5004.012616	0.836349	149.023437	138.281250
5004.014618	1.091244	149.023437	138.281250
5004.016617	1.103321	149.023437	138.281250
5004.018618	1.100664	12.107299	0.086185
5005.098626	0.571344	193.359375	-243.164062
5005.100627	0.926376	193.359375	-243.164062
5005.102627	1.105247	193.359375	-243.164062
5005.104628	1.102966	12.132628	0.100627
5006.094638	0.510046	150.390625	142.187500
5006.096639	0.867413	150.390625	142.187500
5006.098637	1.098691	150.390625	142.187500
5006.100639	1.103315	150.390625	142.187500
5006.102641	1.100705	12.107752	0.084125
5007.186675	0.406581	184.570312	-248.242187
5007.188678	0.768051	184.570312	-248.242187
5007.190676	1.066690	184.570312	-248.242187
5007.192678	1.104330	184.570312	-248.242187
5007.194679	1.101462	12.116082	0.102666
5008.178718	0.462008	150.390625	146.191406
5008.182724	1.087827	150.390625	146.191406
5008.184726	1.104180	150.390625	146.191406
5008.186726	1.101418	12.115594	0.081992
5009.275250	0.522364	190.332031	-253.027344
5009.277251	0.879340	190.332031	-253.027344
5009.279251	1.100718	190.332031	-253.027344
5009.281251	1.103245	190.332031	-253.027344
5009.283250	1.100807	12.108876	0.102383
5010.265798	0.492491	144.628906	146.582031
5010.267802	0.850381	144.628906	146.582031
5010.269800	1.095295	144.628906	146.582031
5010.271799	1.103707	144.628906	146.582031
5010.273801	1.101161	12.112767	0.080906
5011.361852	0.556545	167.382812	-260.253906
5011.363852	0.912299	167.382812	-260.253906
5011.365853	1.104644	167.382812	-260.253906
5011.367852	1.103287	12.136155	0.101902
5012.353864	0.700375	147.558594	149.218750
5012.355866	1.029236	147.558594	149.218750
5012.357866	1.104625	147.558594	149.218750
5012.359866	1.101292	12.114212	0.366471
5013.446830	0.393874	184.863281	-261.621094
5013.448831	0.755843	184.863281	-261.621094
5013.450831	1.060757	184.863281	-261.621094
5013.452831	1.104041	184.863281	-261.621094
5013.454831	1.101042	12.111465	0.103321
5014.442870	0.706650	147.363281	150.292969
5014.444870	1.033456	147.363281	150.292969
5014.446870	1.104850	147.363281	150.292969
5014.448871	1.101508	12.116587	0.078309
5015.533444	0.973861	158.886719	-265.820312
5015.535446	1.105837	158.886719	-265.820312
5015.537446	1.102440	12.126842	0.104012
5016.529483	0.652908	145.800781	149.121094
5016.531485	0.996191	145.800781	149.121094
5016.533486	1.106285	145.800781	149.121094
5016.535485	1.102836	12.131192	0.166364
5017.617551	0.572011	159.277344	-266.503906
5017.619551	0.926991	159.277344	-266.503906
5017.621551	1.105882	159.277344	-266.503906
5017.623550	1.103704	12.140746	0.102204
5018.615599	0.509968	147.753906	149.902344
5018.617601	0.867261	147.753906	149.902344
5018.619600	1.098207	147.753906	149.902344
5018.621600	1.102890	147.753906	149.902344
5018.623600	1.100286	12.103144	0.080055
5019.703708	0.714883	175.683594	-265.625000
5019.705711	1.038342	175.683594	-265.625000
5019.707711	1.104536	175.683594	-265.625000
5019.709711	1.101401	12.115408	0.104762
5020.704258	0.823915	147.656250	149.511719
5020.706259	1.087397	147.656250	149.511719
5020.708265	1.103092	147.656250	149.511719
5020.710262	1.100297	12.103267	0.080169
5021.788287	0.384236	157.324219	-267.382812
5021.790288	0.746731	157.324219	-267.382812
5021.792289	1.056286	157.324219	-267.382812
5021.794287	1.104321	157.324219	-267.382812
5021.796288	1.101212	12.113335	0.105555
5022.788285	0.297388	146.972656	149.121094
5022.790287	0.664285	146.972656	149.121094
5022.792287	1.004780	146.972656	149.121094
5022.794287	1.106425	146.972656	149.121094
5022.796288	1.103074	12.133816	0.080158
5023.876323	0.496512	154.785156	-267.285156
5023.878325	0.854329	154.785156	-267.285156
5023.880325	1.096841	154.785156	-267.285156
5023.882324	1.104648	154.785156	-267.285156
5023.884325	1.102166	12.123828	0.103593
5024.876379	0.609702	147.753906	149.511719
5024.878382	0.961077	147.753906	149.511719
5024.880382	1.106609	147.753906	149.511719
5024.882382	1.103388	12.137272	0.076400
5025.964399	0.707309	154.199219	-267.285156
5025.966400	1.033907	154.199219	-267.285156
5025.968401	1.104988	154.199219	-267.285156
5025.970403	1.101883	12.120718	0.406227
5026.960469	0.376637	145.410156	148.535156
5026.962471	0.739286	145.410156	148.535156
5026.964470	1.052248	145.410156	148.535156
5026.966470	1.104197	145.410156	148.535156
5026.968471	1.101177	12.112946	0.077023
5028.050516	0.468742	160.058594	-265.722656
5028.052517	0.827612	160.058594	-265.722656
5028.054517	1.089038	160.058594	-265.722656
5028.056517	1.103712	160.058594	-265.722656
5028.058516	1.100909	12.109994	0.105493
5029.046546	0.597543	144.824219	147.656250
5029.048550	0.950601	144.824219	147.656250
5029.050549	0.956745	144.824219	147.656250
5029.052550	1.103771	12.141482	0.076903
5030.140623	0.859955	160.937500	-264.648437
5030.142623	1.096911	160.937500	-264.648437
5030.144626	1.103011	160.937500	-264.648437
5030.146625	1.100364	12.104002	0.101625
5031.130691	0.374386	147.167969	147.070312
5031.132694	0.737187	147.167969	147.070312
5031.134692	1.051651	147.167969	147.070312
5031.136694	1.105444	147.167969	147.070312
5031.138694	1.102393	12.126328	0.077848
5032.226739	0.535168	161.718750	-261.816406
5032.228743	0.891582	161.718750	-261.816406
5032.230748	1.103790	161.718750	-261.816406
5032.232748	1.104527	161.718750	-261.816406
5032.234746	1.102254	12.124794	0.100104
5033.216812	0.320156	146.972656	144.726562
5033.218815	0.685690	146.972656	144.726562
5033.220816	1.019517	146.972656	144.726562
5033.222815	1.104592	146.972656	144.726562
5033.224814	1.101044	12.111482	0.077377
5034.312881	0.580025	170.996094	-257.617187
5034.314883	0.934585	170.996094	-257.617187
5034.316885	1.106031	170.996094	-257.617187
5034.318884	1.103484	12.138327	0.099757
5035.304915	0.538646	152.050781	143.457031
5035.306934	0.894970	152.050781	143.457031
5035.308936	1.103603	152.050781	143.457031
5035.310936	1.103688	152.050781	143.457031
5035.314934	1.099656	12.096213	0.076128
5036.399901	0.689495	172.949219	-252.832031
5036.401904	1.022101	172.949219	-252.832031
5036.403903	1.104996	172.949219	-252.832031
5036.405903	1.101576	12.117341	0.340633
5037.393994	0.651904	147.656250	137.500000
5037.395996	0.995368	147.656250	137.500000
5037.397997	1.105953	147.656250	137.500000
5037.399995	1.102592	12.128507	0.075682
5038.482069	0.666942	158.789062	-250.000000
5038.484069	1.006591	158.789062	-250.000000
5038.486070	1.105588	158.789062	-250.000000
5038.488070	1.102250	12.124750	0.098423
5039.482171	0.418161	153.027344	135.351562
5039.484171	0.778859	153.027344	135.351562
5039.486172	1.071263	153.027344	135.351562
5039.488171	1.103614	153.027344	135.351562
5039.492170	1.098917	12.088086	0.077505
5040.566266	0.637311	161.425781	-247.363281
5040.568267	0.984037	161.425781	-247.363281
5040.570267	1.106916	161.425781	-247.363281
5040.572265	1.103411	12.137521	0.120967
5041.572281	0.624191	153.808594	133.398437
5041.574283	0.973349	153.808594	133.398437
5041.578282	1.106520	153.808594	133.398437
5041.582283	1.099611	12.095725	0.078417
5042.646319	0.318400	151.953125	-247.949219
5042.648321	0.684070	151.953125	-247.949219
5042.650322	1.018516	151.953125	-247.949219
5042.652320	1.105062	151.953125	-247.949219
5042.654320	1.101658	12.118236	0.099689
5043.660392	0.376857	154.101562	133.203125
5043.662391	0.739579	154.101562	133.203125
5043.664391	1.052374	154.101562	133.203125
5043.666393	1.104193	154.101562	133.203125
5043.668391	1.101123	12.112351	0.080363
5044.730473	0.566304	138.476562	-252.050781
5044.732474	0.921481	138.476562	-252.050781
5044.734474	1.104747	138.476562	-252.050781
5044.736474	1.102727	12.129996	0.098251
5045.752525	0.859640	156.640625	135.156250
5045.754528	1.096851	156.640625	135.156250
5045.758527	1.100370	156.640625	135.156250
5045.760527	1.098880	12.087678	0.078352
5046.813098	0.440553	151.171875	-256.738281
5046.815101	0.800303	151.171875	-256.738281
5046.817101	1.079482	151.171875	-256.738281
5046.819100	1.082650	151.171875	-256.738281
5046.821100	1.100365	12.104012	0.102250
5047.841107	0.883606	151.562500	136.328125
5047.843110	1.100619	151.562500	136.328125
5047.845112	1.102379	151.562500	136.328125
5047.847117	1.102198	12.124173	0.076617
5048.899156	0.278067	135.449219	-262.207031
5048.901157	0.645909	135.449219	-262.207031
5048.903157	0.990925	135.449219	-262.207031
5048.905156	1.106690	135.449219	-262.207031
5048.907157	1.103279	12.136066	0.100870
5049.925217	0.658197	156.152344	140.136719
5049.927218	1.000126	156.152344	140.136719
5049.929218	1.106376	156.152344	140.136719
5049.931218	1.103046	12.133505	0.179854
5050.987759	0.683235	135.937500	-266.015625
5050.989760	1.017736	135.937500	-266.015625
5050.991761	1.104515	135.937500	-266.015625
5050.993761	1.101054	12.111597	0.309988
5052.009796	0.607913	154.687500	141.796875
5052.011800	0.959501	154.687500	141.796875
5052.013798	1.106116	154.687500	141.796875
5052.015798	1.102894	12.131839	0.080535
5053.074392	0.354803	132.519531	-269.042969
5053.076394	0.718634	132.519531	-269.042969
5053.078393	1.040609	132.519531	-269.042969
5053.080393	1.104731	132.519531	-269.042969
5053.082394	1.101581	12.117393	0.103287
5054.094466	0.572456	152.539062	142.285156
5054.096467	0.927297	152.539062	142.285156
5054.098467	1.104869	152.539062	142.285156
5054.100466	1.102561	12.128170	0.078251
5055.164499	0.925463	128.417969	-271.386719
5055.166499	1.104554	128.417969	-271.386719
5055.168501	1.102273	12.124998	0.100708
5056.178576	0.526245	151.367187	142.871094
5056.180579	0.882948	151.367187	142.871094
5056.182578	1.102013	151.367187	142.871094
5056.184577	1.104076	151.367187	142.871094
5056.186579	1.101541	12.116950	0.076366
5057.250651	0.517293	134.472656	-272.558594
5057.252654	0.874357	134.472656	-272.558594
5057.254653	1.099681	134.472656	-272.558594
5057.256652	1.102961	134.472656	-272.558594
5057.258653	1.100430	12.104729	0.102051
5058.262696	0.390356	152.734375	143.554687
5058.264698	0.752336	152.734375	143.554687
5058.266699	1.059022	152.734375	143.554687
5058.268699	1.104080	152.734375	143.554687
5058.272697	1.099307	12.092375	0.078351
5059.338754	0.546338	135.644531	-272.851562
5059.340755	0.902384	135.644531	-272.851562
5059.342754	1.103223	135.644531	-272.851562
5059.344754	1.102592	12.128516	0.099048
5060.348779	0.426813	151.660156	144.140625
5060.350782	0.787134	151.660156	144.140625
5060.352779	1.074928	151.660156	144.140625
5060.356778	1.101091	151.660156	144.140625
5060.360777	1.098355	12.081909	0.076000
5061.427750	0.827914	147.949219	-271.484375
5061.429756	1.089111	147.949219	-271.484375
5061.431762	1.103552	147.949219	-271.484375
5061.433762	1.100753	12.108284	0.097183
5062.436339	0.819467	148.730469	143.945312
5062.438340	1.085894	148.730469	143.945312
5062.440341	1.102809	148.730469	143.945312
5062.442340	1.099986	12.099847	0.075190
5063.510376	0.330989	133.789062	-272.460937
5063.514377	1.026534	133.789062	-272.460937
5063.516378	1.105058	133.789062	-272.460937
5063.518379	1.101740	12.119140	0.101343
5064.524419	0.754003	149.121094	143.457031
5064.526421	1.059837	149.121094	143.457031
5064.528421	1.104058	149.121094	143.457031
5064.530420	1.101000	12.110995	0.074335
5065.596505	0.563257	135.156250	-272.656250
5065.598506	0.918454	135.156250	-272.656250
5065.600506	1.104494	135.156250	-272.656250
5065.602507	1.102628	12.128905	0.096839
5066.608537	0.339555	148.925781	142.675781
5066.610539	0.703974	148.925781	142.675781
5066.612539	1.031402	148.925781	142.675781
5066.614537	1.104141	148.925781	142.675781
5066.616538	1.100846	12.109303	0.078384
5067.680596	0.423271	134.082031	-273.632812
5067.682599	0.783867	134.082031	-273.632812
5067.684599	1.073501	134.082031	-273.632812
5067.686597	1.103931	134.082031	-273.632812
5067.688598	1.101052	12.111571	0.098158
5068.698704	0.561961	148.535156	140.234375
5068.700704	0.917368	148.535156	140.234375
5068.702704	1.104097	148.535156	140.234375
5068.704706	1.102237	12.124608	0.074771
5069.764757	0.388841	136.816406	-272.949219
5069.766762	0.750881	136.816406	-272.949219
5069.768762	1.058631	136.816406	-272.949219
5069.770761	1.104291	136.816406	-272.949219
5069.772761	1.101310	12.114415	0.095070
5070.787327	0.687015	152.734375	138.964844
5070.789327	1.020448	152.734375	138.964844
5070.791329	1.104701	152.734375	138.964844
5070.793329	1.101257	12.113831	0.074577
5071.849877	0.434128	139.648437	-270.605469
5071.851877	0.794131	139.648437	-270.605469
5071.853878	1.077181	139.648437	-270.605469
5071.855878	1.103194	139.648437	-270.605469
5071.857878	1.100299	12.103294	0.098011
5072.876810	0.955055	149.609375	136.523437
5072.878812	1.105053	149.609375	136.523437
5072.880812	1.101763	12.119397	0.073238
5073.936818	0.717143	131.640625	-267.675781
5073.938821	1.039505	131.640625	-267.675781
5073.940822	1.104105	131.640625	-267.675781
5073.942822	1.100780	12.108584	0.097587
5074.962848	0.806155	155.273437	134.667969
5074.966849	1.103354	155.273437	134.667969
5074.968850	1.100556	155.273437	134.667969
5074.970850	1.098900	12.087899	0.075097
5076.021773	0.548384	125.390625	-263.281250
5076.023775	0.904238	125.390625	-263.281250
5076.025777	1.104362	125.390625	-263.281250
5076.027775	1.103779	12.141570	0.098214
5077.047863	0.743197	155.957031	132.617187
5077.049866	1.054191	155.957031	132.617187
5077.051865	1.103944	155.957031	132.617187
5077.053866	1.100895	12.109843	0.074694
5078.109913	0.678261	129.492187	-258.105469
5078.111914	1.014831	129.492187	-258.105469
5078.113915	1.106114	129.492187	-258.105469
5078.115913	1.102856	12.131413	0.097854
5079.129991	0.338719	153.808594	130.175781
5079.131992	0.703232	153.808594	130.175781
5079.133992	1.030934	153.808594	130.175781
5079.135992	1.104313	153.808594	130.175781
5079.137992	1.100976	12.110739	0.076027
5080.198555	0.622715	137.988281	-253.808594
5080.200557	0.972106	137.988281	-253.808594
5080.202558	1.106620	137.988281	-253.808594
5080.204557	1.103264	12.135908	0.097684
5081.216625	1.007819	148.339844	128.222656
5081.218627	1.105215	148.339844	128.222656
5081.220627	1.101793	12.119725	0.075933
5082.286641	0.273741	141.699219	-251.171875
5082.288642	0.641559	141.699219	-251.171875
5082.290643	0.987195	141.699219	-251.171875
5082.292641	1.106032	141.699219	-251.171875
5082.294643	1.102639	12.129030	0.099202
5083.296708	0.535636	148.828125	129.003906
5083.298721	0.891828	148.828125	129.003906
5083.300719	1.104695	148.828125	129.003906
5083.302720	1.105380	148.828125	129.003906
5083.304721	1.103183	12.135012	0.074457
5084.378737	0.752742	160.156250	-251.562500
5084.380738	1.059382	160.156250	-251.562500
5084.382739	1.104363	160.156250	-251.562500
5084.384739	1.101398	12.115382	0.607633
5085.379676	0.473695	149.023437	131.347656
5085.381678	0.832132	149.023437	131.347656
5085.383677	1.090146	149.023437	131.347656
5085.385679	1.103324	149.023437	131.347656
5085.387678	1.100578	12.106360	0.073103
5086.467788	0.769491	166.992187	-253.613281
5086.469789	1.066806	166.992187	-253.613281
5086.471788	1.103126	166.992187	-253.613281
5086.473790	1.100075	12.100830	0.095953
5087.462744	0.327548	149.511719	133.398437
5087.464746	0.692554	149.511719	133.398437
5087.466746	1.023969	149.511719	133.398437
5087.468746	1.104199	149.511719	133.398437
5087.470746	1.100653	12.107185	0.073991
5088.556787	0.865739	156.542969	-256.152344
5088.558788	1.097718	156.542969	-256.152344
5088.560788	1.102505	156.542969	-256.152344
5088.562790	1.102395	12.126345	0.095322
5089.548785	0.454022	145.996094	135.937500
5089.550788	0.813096	145.996094	135.937500
5089.552787	1.084118	145.996094	135.937500
5089.554787	1.103296	145.996094	135.937500
5089.556787	1.100387	12.104259	0.072160
5090.640871	0.356837	147.363281	-259.277344
5090.642873	0.720436	147.363281	-259.277344
5090.644872	1.041536	147.363281	-259.277344
5090.646875	1.104582	147.363281	-259.277344
5090.648873	1.101390	12.115285	0.095565
5091.634929	0.592381	145.117187	137.304687
5091.638929	1.105375	145.117187	137.304687
5091.640931	1.102301	145.117187	137.304687
5091.642932	1.099997	12.099970	0.069921
5092.729002	0.578611	155.566406	-262.207031
5092.731006	0.933047	155.566406	-262.207031
5092.735002	1.103123	155.566406	-262.207031
5092.737004	1.100834	12.109169	0.095358
5093.721057	0.541944	143.847656	138.964844
5093.723069	0.897818	143.847656	138.964844
5093.725071	1.103419	143.847656	138.964844
5093.727071	1.103266	12.135924	0.070594
5094.815125	0.617328	154.394531	-263.574219
5094.817127	0.967440	154.394531	-263.574219
5094.819127	1.106388	154.394531	-263.574219
5094.821126	1.103031	12.133337	0.095750
5095.807169	0.489096	150.000000	141.308594
5095.813168	1.102787	150.000000	141.308594
5095.815170	1.100083	150.000000	141.308594
5095.817170	1.098632	12.084949	0.070983
5096.901217	0.563110	155.566406	-264.648437
5096.903219	0.918368	155.566406	-264.648437
5096.905221	1.104651	155.566406	-264.648437
5096.907219	1.102747	12.130218	0.095036
5097.895281	0.703701	149.218750	141.796875
5097.897284	1.031114	149.218750	141.796875
5097.899284	1.104084	149.218750	141.796875
5097.901284	1.100803	12.108833	0.365473
5098.987315	0.508892	162.207031	-265.527344
5098.989313	0.866048	162.207031	-265.527344
5098.991312	1.097577	162.207031	-265.527344
5098.993311	1.102176	162.207031	-265.527344
5098.995311	1.099540	12.094945	0.096479
5099.980323	0.364857	145.117187	141.699219
5099.982325	0.727971	145.117187	141.699219
5099.984325	1.045711	145.117187	141.699219
5099.986325	1.103831	145.117187	141.699219
5099.988329	1.100643	12.107078	0.070058
5101.072366	0.356619	162.792969	-266.015625
5101.074368	0.720187	162.792969	-266.015625
5101.076368	1.041415	162.792969	-266.015625
5101.078367	1.104244	162.792969	-266.015625
5101.080367	1.101005	12.111057	0.097955
5102.068399	0.763484	149.511719	141.894531
5102.070401	1.064098	149.511719	141.894531
5102.072401	1.103479	149.511719	141.894531
5102.074402	1.100558	12.106138	0.070017
5103.160446	0.661137	152.539062	-266.015625
5103.162447	1.002020	152.539062	-266.015625
5103.164447	1.105403	152.539062	-266.015625
5103.166448	1.102014	12.122152	0.213946
5104.152522	0.445560	148.925781	141.503906
5104.154524	0.804897	148.925781	141.503906
5104.156522	1.081180	148.925781	141.503906
5104.158523	1.103242	148.925781	141.503906
5104.160522	1.100310	12.103409	0.069761
5105.245479	0.415466	155.664062	-265.332031
5105.247481	0.776239	155.664062	-265.332031
5105.249483	1.069858	155.664062	-265.332031
5105.251480	1.103326	155.664062	-265.332031
5105.253481	1.100301	12.103312	0.095435
5106.239528	0.553296	143.164062	139.746094
5106.241531	0.908795	143.164062	139.746094
5106.243533	1.104592	143.164062	139.746094
5106.245530	1.103494	12.138433	0.069398
5107.331628	0.463447	164.062500	-263.671875
5107.333631	0.822162	164.062500	-263.671875
5107.337629	1.103155	164.062500	-263.671875
5107.339630	1.100249	164.062500	-263.671875
5107.341630	1.098709	12.085800	0.094875
5108.324551	0.397390	144.140625	139.550781
5108.326552	0.758839	144.140625	139.550781
5108.330552	1.103503	144.140625	139.550781
5108.332552	1.100464	144.140625	139.550781
5108.334552	1.098803	12.086828	0.069918
5109.418580	0.470914	150.976562	-261.328125
5109.420583	0.829430	150.976562	-261.328125
5109.424580	1.102638	150.976562	-261.328125
5109.426584	1.099932	150.976562	-261.328125
5109.428583	1.098414	12.082556	0.094867
5110.410614	0.429965	149.902344	139.062500
5110.412616	0.789975	149.902344	139.062500
5110.414615	1.075397	149.902344	139.062500
5110.416615	1.102973	149.902344	139.062500
5110.418615	1.102857	12.131423	0.069641
5111.504627	0.406388	160.058594	-257.812500
5111.506628	0.767543	160.058594	-257.812500
5111.508629	1.066166	160.058594	-257.812500
5111.510629	1.103620	160.058594	-257.812500
5111.512629	1.100635	12.106980	0.093721
5112.499194	0.636921	147.167969	137.011719
5112.501195	0.983490	147.167969	137.011719
5112.503194	1.105630	147.167969	137.011719
5112.505195	1.102107	12.123180	0.069010
5113.591236	0.720085	144.628906	-253.613281
5113.593239	1.041059	144.628906	-253.613281
5113.595238	1.103941	144.628906	-253.613281
5113.597237	1.100755	12.108301	0.091629
5114.585246	0.484110	149.121094	135.644531
5114.587246	0.842025	149.121094	135.644531
5114.589246	1.092315	149.121094	135.644531
5114.591245	1.102581	149.121094	135.644531
5114.593246	1.099929	12.099217	0.069549
5115.675328	0.580765	145.507812	-249.902344
5115.679328	1.106221	145.507812	-249.902344
5115.681331	1.103553	145.507812	-249.902344
5115.683331	1.101265	12.113911	0.093692
5116.673386	0.521323	149.902344	133.886719
5116.675388	0.878017	149.902344	133.886719
5116.677388	1.099476	149.902344	133.886719
5116.681385	1.099330	149.902344	133.886719
5116.683387	1.097999	12.077991	0.071892
5117.759433	0.626720	149.902344	-246.972656
5117.761431	0.975176	149.902344	-246.972656
5117.763431	1.105572	149.902344	-246.972656
5117.765433	1.102090	12.122995	0.092266
5118.763477	0.815714	151.660156	132.519531
5118.765478	1.084754	151.660156	132.519531
5118.767477	1.102968	151.660156	132.519531
5118.769480	1.100118	12.101299	0.071594
5119.843489	0.851737	159.765625	-247.558594
5119.845488	1.095126	159.765625	-247.558594
5119.847488	1.103225	159.765625	-247.558594
5119.849489	1.100522	12.105740	0.093578
5120.854512	1.104033	148.730469	130.175781
5120.856514	1.102214	12.124352	0.071651
5121.924570	0.449600	144.238281	-249.414062
5121.926572	0.808799	144.238281	-249.414062
5121.928572	0.815876	144.238281	-249.414062
5121.930572	1.102657	144.238281	-249.414062
5121.934570	1.098325	12.081573	0.095397
5122.944604	1.104043	154.980469	130.468750
5122.946607	1.101277	12.114052	0.070950
5124.007571	1.699149	136.914062	-251.757812
5124.009572	0.657146	136.914062	-251.757812
5124.011573	0.999321	136.914062	-251.757812
5124.013572	1.106565	136.914062	-251.757812
5124.015573	1.106450	12.170948	0.095439
5125.029612	0.591425	150.976562	131.933594
5125.031618	0.944813	150.976562	131.933594
5125.033615	1.105624	150.976562	131.933594
5125.035615	1.102605	12.128657	0.069948
5126.095643	0.958919	116.894531	-256.152344
5126.097645	1.104980	116.894531	-256.152344
5126.099645	1.101631	12.117943	0.091716
5127.117707	0.712465	147.363281	133.398437
5127.121705	1.103993	147.363281	133.398437
5127.123707	1.100557	147.363281	133.398437
5127.125707	1.098777	12.086544	0.411235
5128.177757	0.379278	130.078125	-260.156250
5128.179760	0.741602	130.078125	-260.156250
5128.181759	1.053217	130.078125	-260.156250
5128.183760	1.103697	130.078125	-260.156250
5128.185760	1.100585	12.106440	0.095391
5129.203836	0.660629	153.320312	135.449219
5129.205839	1.001673	153.320312	135.449219
5129.207837	1.105510	153.320312	135.449219
5129.209839	1.102096	12.123056	0.192009
5130.266771	0.845005	113.671875	-263.574219
5130.268773	1.092721	113.671875	-263.574219
5130.270771	1.102137	113.671875	-263.574219
5130.272773	1.099475	12.094228	0.093150
5131.288835	0.499675	152.246094	136.718750
5131.290836	0.857032	152.246094	136.718750
5131.292837	1.095979	152.246094	136.718750
5131.294838	1.102633	152.246094	136.718750
5131.296839	1.099977	12.099749	0.075063
5132.353399	0.972206	112.597656	-265.332031
5132.355401	1.104936	112.597656	-265.332031
5132.357400	1.101464	12.116100	0.095465
5133.375506	0.734713	150.976562	138.671875
5133.377508	1.049216	150.976562	138.671875
5133.379509	1.103331	150.976562	138.671875
5133.381509	1.100193	12.102124	0.072837
5134.438069	0.392640	114.648437	-266.601562
5134.440070	0.754237	114.648437	-266.601562
5134.442071	1.059504	114.648437	-266.601562
5134.444072	1.103380	114.648437	-266.601562
5134.446070	1.100310	12.103409	0.093925
5135.458094	0.318344	148.632812	140.039062
5135.460097	0.683739	148.632812	140.039062
5135.462096	1.017980	148.632812	140.039062
5135.464097	1.104258	148.632812	140.039062
5135.466096	1.100775	12.108522	0.069879
5136.530192	1.026360	126.269531	-268.750000
5136.532192	1.103972	126.269531	-268.750000
5136.534194	1.100585	12.106440	0.359818
5137.544706	0.455108	148.437500	140.039062
5137.546709	0.814027	148.437500	140.039062
5137.548708	1.083963	148.437500	140.039062
5137.550709	1.102529	148.437500	140.039062
5137.552707	1.099702	12.096718	0.072086
5138.614733	0.722739	136.621094	-269.824219
5138.616737	1.042527	136.621094	-269.824219
5138.618736	1.103670	136.621094	-269.824219
5138.620736	1.100423	12.104658	0.093735
5139.627166	1.722486	149.414062	140.917969
5139.632508	0.799128	149.414062	140.917969
5139.634508	1.078753	149.414062	140.917969
5139.636508	1.102681	149.414062	140.917969
5139.638510	1.099690	12.096594	0.072570
5140.699103	0.353112	136.132812	-269.335937
5140.703103	1.039029	136.132812	-269.335937
5140.705105	1.103619	136.132812	-269.335937
5140.707104	1.100241	12.102647	0.094206
5141.717128	0.570523	147.949219	141.015625
5141.719129	0.925240	147.949219	141.015625
5141.721129	1.103964	147.949219	141.015625
5141.723131	1.101571	12.117278	0.070286
5142.787244	0.763049	115.136719	-267.675781
5142.789247	1.063976	115.136719	-267.675781
5142.791250	1.103704	115.136719	-267.675781
5142.793253	1.100772	12.108496	0.093686
5143.803280	1.953378	146.972656	141.113281
5143.805287	0.885139	146.972656	141.113281
5143.807285	1.101575	146.972656	141.113281
5143.811284	1.100506	146.972656	141.113281
5143.813285	1.099036	12.089397	0.070631
5144.873359	0.708525	132.617187	-269.042969
5144.875360	1.033942	132.617187	-269.042969
5144.877362	1.103717	132.617187	-269.042969
5144.879360	1.100420	12.104614	0.406255
5145.889368	0.998998	150.097656	140.625000
5145.891369	0.827202	150.097656	140.625000
5145.893370	1.088014	150.097656	140.625000
5145.895369	1.102437	150.097656	140.625000
5145.897367	1.099669	12.096364	0.073461
5146.957936	0.658630	119.140625	-267.089844
5146.959938	1.000328	119.140625	-267.089844
5146.961937	1.106036	119.140625	-267.089844
5146.963937	1.102610	12.128712	0.192461
5147.979982	0.767521	149.609375	140.136719
5147.981983	1.065923	149.609375	140.136719
5147.983983	1.103309	149.609375	140.136719
5147.985985	1.100320	12.103516	0.652928
5149.042949	0.593562	133.593750	-266.601562
5149.044951	0.946671	133.593750	-266.601562
5149.046951	1.105638	133.593750	-266.601562
5149.048953	1.102695	12.129641	0.091121
5150.064958	0.511618	147.460937	139.257812
5150.066962	0.868507	147.460937	139.257812
5150.068960	1.098687	147.460937	139.257812
5150.070961	1.102996	147.460937	139.257812
5150.072961	1.100488	12.105368	0.073619
5151.128997	0.715438	130.371094	-263.281250
5151.130999	1.038060	130.371094	-263.281250
5151.132998	1.103388	130.371094	-263.281250
5151.134998	1.100019	12.100210	0.443025
5152.153960	0.883284	145.605469	138.281250
5152.155961	1.100840	145.605469	138.281250
5152.157961	1.102637	145.605469	138.281250
5152.159962	1.100145	12.101592	0.073819
5153.216029	0.914410	135.937500	-260.253906
5153.218031	1.103205	135.937500	-260.253906
5153.220032	1.101491	12.116401	0.092776
5154.239001	0.643606	148.339844	136.621094
5154.241004	0.988705	148.339844	136.621094
5154.243004	1.105713	148.339844	136.621094
5154.245007	1.102220	12.124422	0.119051
5155.301066	0.675125	122.460937	-255.468750
5155.305066	1.104569	122.460937	-255.468750
5155.307069	1.101102	122.460937	-255.468750
5155.309068	1.099193	12.091125	0.264790
5156.327106	0.944407	148.828125	134.863281
5156.329109	1.104159	148.828125	134.863281
5156.331109	1.101052	12.111571	0.070473
5157.387125	0.523914	143.066406	-252.539062
5157.389129	0.880440	143.066406	-252.539062
5157.391129	1.100063	143.066406	-252.539062
5157.393131	1.102080	143.066406	-252.539062
5157.395128	1.099554	12.095096	0.094166
5158.414084	1.104951	146.289062	133.789062
5158.416086	1.101572	146.289062	133.789062
5158.418086	1.099450	12.093945	0.068947
5159.474117	0.348200	138.085937	-247.851562
5159.478116	1.036192	138.085937	-247.851562
5159.480119	1.103852	138.085937	-247.851562
5159.482119	1.100550	12.106050	0.092223
5160.496157	0.829151	150.000000	132.324219
5160.498158	1.089254	150.000000	132.324219
5160.500159	1.103101	150.000000	132.324219
5160.502159	1.100396	12.104358	0.071098
5161.562753	0.384084	135.058594	-244.140625
5161.564755	0.746179	135.058594	-244.140625
5161.566754	1.055405	135.058594	-244.140625
5161.568759	1.103378	135.058594	-244.140625
5161.570761	1.100274	12.103010	0.091977
5162.576862	0.447019	145.019531	131.640625
5162.578862	0.806235	145.019531	131.640625
5162.580864	1.081446	145.019531	131.640625
5162.582868	1.102970	145.019531	131.640625
5162.584872	1.100143	12.101574	0.071973
5163.650923	0.331201	140.917969	-242.578125
5163.652925	0.695931	140.917969	-242.578125
5163.654928	1.026040	140.917969	-242.578125
5163.656925	1.104013	140.917969	-242.578125
5163.658925	1.100564	12.106200	0.092947
5164.660995	0.595661	150.000000	131.835937
5164.662996	0.948438	150.000000	131.835937
5164.664997	1.105983	150.000000	131.835937
5164.666996	1.102938	12.132318	0.069196
5165.741920	0.795133	134.863281	-241.503906
5165.743921	1.077635	134.863281	-241.503906
5165.745921	1.103381	134.863281	-241.503906
5165.747921	1.100527	12.105792	0.089705
5166.743945	0.338020	144.238281	132.812500
5166.745947	0.702366	144.238281	132.812500
5166.747946	1.029927	144.238281	132.812500
5166.749945	1.103425	144.238281	132.812500
5166.751946	1.100012	12.100130	0.071781
5167.832022	0.986762	160.449219	-244.140625
5167.834024	1.105243	160.449219	-244.140625
5167.836024	1.101721	12.118936	0.120274
5168.829014	0.564456	147.167969	134.179687
5168.831015	0.919348	147.167969	134.179687
5168.833016	1.103111	147.167969	134.179687
5168.835014	1.100979	12.110765	0.070680
5169.917540	2.268782	148.828125	-245.214844
5169.919542	0.920575	148.828125	-245.214844
5169.921542	1.104547	148.828125	-245.214844
5169.923542	1.102548	12.128028	0.094431
5170.913589	0.418431	147.753906	136.035156
5170.915588	0.778926	147.753906	136.035156
5170.917589	1.070537	147.753906	136.035156
5170.919589	1.102607	147.753906	136.035156
5170.921588	1.099727	12.097001	0.068421
5172.007675	0.777090	153.710937	-247.460937
5172.009677	1.069763	153.710937	-247.460937
5172.011676	1.102566	153.710937	-247.460937
5172.013676	1.099649	12.096143	0.090651
5173.000243	0.557331	142.187500	137.597656
5173.002247	0.912588	142.187500	137.597656
5173.004251	1.103735	142.187500	137.597656
5173.006252	1.102199	12.124191	0.066136
5174.092298	0.457977	145.117187	-248.046875
5174.094299	0.816716	145.117187	-248.046875
5174.096300	1.084888	145.117187	-248.046875
5174.098300	1.102568	145.117187	-248.046875
5174.100300	1.099754	12.097294	0.091623
5175.081807	1.711237	141.015625	139.062500
5175.087050	0.812092	141.015625	139.062500
5175.089051	1.083256	141.015625	139.062500
5175.091051	1.102386	141.015625	139.062500
5175.093052	1.099531	12.094839	0.067935
5176.179120	0.534352	144.726562	-248.730469
5176.181127	0.890545	144.726562	-248.730469
5176.183128	1.102321	144.726562	-248.730469
5176.185128	1.103126	144.726562	-248.730469
5176.187129	1.100650	12.107149	0.091815
5177.171146	0.301416	141.210937	140.136719
5177.173148	0.667614	141.210937	140.136719
5177.175149	1.006728	141.210937	140.136719
5177.177148	1.105232	141.210937	140.136719
5177.179147	1.101791	12.119698	0.067762
5178.265206	0.477273	164.648437	-250.488281
5178.267206	0.835383	164.648437	-250.488281
5178.269207	1.091506	164.648437	-250.488281
5178.273205	1.101332	164.648437	-250.488281
5178.275207	1.099704	12.096745	0.091990
5179.257217	0.335331	142.871094	141.308594
5179.259219	0.699639	142.871094	141.308594
5179.261218	1.028337	142.871094	141.308594
5179.263220	1.103918	142.871094	141.308594
5179.267218	1.098645	12.085100	0.067021
5180.351244	0.314675	144.531250	-248.046875
5180.353244	0.680190	144.531250	-248.046875
5180.355247	1.015341	144.531250	-248.046875
5180.357253	1.103972	144.531250	-248.046875
5180.359250	1.100532	12.105855	0.093510
5181.347288	0.987113	145.996094	142.285156
5181.349290	1.104528	145.996094	142.285156
5181.351289	1.100944	12.110383	0.097947
5182.441312	0.792445	155.957031	-247.753906
5182.443314	1.076318	155.957031	-247.753906
5182.445315	1.102836	155.957031	-247.753906
5182.447315	1.099949	12.099439	0.090666
5183.429842	0.396699	145.117187	141.992187
5183.431843	0.758115	145.117187	141.992187
5183.433847	1.061443	145.117187	141.992187
5183.435849	1.103425	145.117187	141.992187
5183.437857	1.100286	12.103144	0.069504
5184.528465	1.058472	164.746094	-248.046875
5184.532467	1.100038	164.746094	-248.046875
5184.534469	1.098331	12.081643	0.597715
5185.518508	0.715463	142.578125	141.699219
5185.520510	1.037911	142.578125	141.699219
5185.522510	1.103110	142.578125	141.699219
5185.524510	1.099795	12.097746	0.067446
5186.612560	0.696761	154.687500	-246.093750
5186.614563	1.026505	154.687500	-246.093750
5186.616564	1.103785	154.687500	-246.093750
5186.618561	1.100414	12.104551	0.091930
5187.606586	0.999536	141.406250	140.820312
5187.608588	1.104613	141.406250	140.820312
5187.610587	1.101004	12.111048	0.069014
5188.698658	0.827488	168.457031	-244.921875
5188.700660	1.088012	168.457031	-244.921875
5188.702660	1.102113	168.457031	-244.921875
5188.704660	1.099346	12.092809	0.090916
5189.690685	0.511413	143.554687	140.332031
5189.692686	0.868314	143.554687	140.332031
5189.694686	1.097551	143.554687	140.332031
5189.696686	1.101660	143.554687	140.332031
5189.698690	1.099133	12.090461	0.066692
5190.782772	0.692903	151.660156	-240.429687
5190.784775	1.023788	151.660156	-240.429687
5190.786774	1.103519	151.660156	-240.429687
5190.788773	1.100070	12.100767	0.348174
5191.776815	0.368055	143.359375	139.550781
5191.778813	0.730781	143.359375	139.550781
5191.780815	1.046998	143.359375	139.550781
5191.782814	1.103318	143.359375	139.550781
5191.784814	1.100045	12.100493	0.068746
5192.866858	0.367658	164.453125	-239.062500
5192.868860	0.730500	164.453125	-239.062500
5192.870861	1.046657	164.453125	-239.062500
5192.872859	1.102806	164.453125	-239.062500
5192.874860	1.099616	12.095778	0.090290
5193.864896	0.395668	146.972656	138.378906
5193.866896	0.757162	146.972656	138.378906
5193.868897	1.060835	146.972656	138.378906
5193.870896	1.103039	146.972656	138.378906
5193.872897	1.099938	12.099315	0.068823
5194.952931	0.496150	160.351562	-236.621094
5194.954933	0.853463	160.351562	-236.621094
5194.956934	1.094665	160.351562	-236.621094
5194.958935	1.102095	160.351562	-236.621094
5194.960933	1.099353	12.092881	0.090854
5195.953900	0.403983	146.582031	137.597656
5195.955901	0.765030	146.582031	137.597656
5195.957902	1.064269	146.582031	137.597656
5195.959901	1.102501	146.582031	137.597656
5195.961902	1.099546	12.095008	0.067680
5197.035948	0.342535	150.781250	-234.570312
5197.037949	0.706624	150.781250	-234.570312
5197.039949	1.032891	150.781250	-234.570312
5197.041948	1.103854	150.781250	-234.570312
5197.043948	1.100510	12.105607	0.090861
5198.042001	1.903132	149.511719	136.914062
5198.044002	0.703872	149.511719	136.914062
5198.046002	1.030902	149.511719	136.914062
5198.048003	1.103546	149.511719	136.914062
5198.050002	1.100162	12.101778	0.069618
5199.120591	0.584121	155.859375	-234.960937
5199.122592	0.938060	155.859375	-234.960937
5199.124591	1.106381	155.859375	-234.960937
5199.126592	1.103675	12.140427	0.090475
5200.131569	0.819214	148.242187	136.523437
5200.133570	1.085487	148.242187	136.523437
5200.135571	1.102171	148.242187	136.523437
5200.137573	1.099380	12.093182	0.069566
5201.203600	0.434364	144.042969	-235.449219
5201.205602	0.793926	144.042969	-235.449219
5201.207604	1.076221	144.042969	-235.449219
5201.209602	1.101798	144.042969	-235.449219
5201.211602	1.098939	12.088326	0.090320
5202.219678	0.575562	148.046875	137.304687
5202.223678	1.104345	148.046875	137.304687
5202.225679	1.101700	148.046875	137.304687
5202.227678	1.099334	12.092676	0.068364
5203.289716	0.568681	124.609375	-236.816406
5203.291718	0.923369	124.609375	-236.816406
5203.295717	1.102382	124.609375	-236.816406
5203.297718	1.100014	12.100157	0.090875
5204.305779	0.521432	144.433594	138.867187
5204.307782	0.877986	144.433594	138.867187
5204.309781	1.099368	144.433594	138.867187
5204.311779	1.101833	144.433594	138.867187
5204.313782	1.099321	12.092525	0.068398
5205.373836	0.525936	144.628906	-241.894531
5205.375838	0.882152	144.628906	-241.894531
5205.379835	1.100925	144.628906	-241.894531
5205.381838	1.098579	144.628906	-241.894531
5205.383838	1.097190	12.069094	0.089013
5206.397841	0.891921	149.609375	140.527344
5206.399840	1.102816	149.609375	140.527344
5206.401841	1.103616	149.609375	140.527344
5206.403841	1.101181	12.112988	0.067726
