num crossings	time (s)	maj axis (mm)	min axis (mm)	theta (rad )	slope (V/s)
412703	432223.884908	35.242951	9.913379	-0.507139	2.693795
412705	432225.977363	35.804780	9.378093	-0.529631	2.614754
412707	432228.068772	35.182982	9.868639	-0.524142	2.638798
412709	432230.164223	35.899323	9.163042	-0.534141	2.434122
412711	432232.251180	37.319296	6.006810	-0.499565	2.425066
412713	432234.345430	36.877483	9.854491	-0.558796	2.825459
412715	432236.436777	35.996628	9.905944	-0.521418	2.431264
412717	432238.526453	36.211090	9.787360	-0.526062	3.040384
412719	432240.620759	37.217335	9.509669	-0.567397	2.410078
412721	432242.709858	37.051483	9.651326	-0.527440	2.596456
412723	432244.805620	37.116567	8.935169	-0.538259	2.559525
412725	432246.896691	36.558410	9.031455	-0.552034	2.426793
412727	432248.987654	38.453865	9.072507	-0.576174	2.732056
412729	432251.080477	37.682835	8.672808	-0.544441	2.885117
412731	432253.173090	38.284259	8.276225	-0.559373	2.906937
412733	432255.264932	38.780634	5.826165	-0.538406	3.305416
412735	432257.356192	38.101484	8.867855	-0.550732	2.944480
412737	432259.446693	39.393092	8.571187	-0.592854	3.265699
412739	432261.538613	38.378308	8.733371	-0.556256	3.173262
412741	432263.631663	39.677100	8.609388	-0.598617	2.596223
412743	432265.720823	39.097189	8.637012	-0.556766	3.078005
412745	432267.814559	39.969840	7.465745	-0.576273	3.050732
412747	432269.903481	41.899859	4.605882	-0.546297	2.967492
412749	432271.996466	39.440442	8.273603	-0.569797	3.281615
412751	432274.087519	39.910113	7.628858	-0.570547	3.110433
412753	432276.179737	41.568101	4.677004	-0.563042	3.510486
412755	432278.274179	41.342680	7.798538	-0.611262	2.897067
412757	432280.364710	40.505217	7.388376	-0.574367	3.215920
412759	432282.455356	40.668694	7.292693	-0.577941	3.312971
412761	432284.547350	40.950593	7.205681	-0.580222	3.983416
412763	432286.642202	42.242895	6.789645	-0.594222	3.071223
412765	432288.734639	40.651292	7.124642	-0.596678	3.299689
412767	432290.824754	41.667383	6.931303	-0.584359	3.417466
412769	432292.916484	42.947956	6.576041	-0.593511	3.702027
412771	432295.008791	43.151176	6.508715	-0.595310	3.150631
412773	432297.098114	42.397702	6.671468	-0.588339	3.678818
412775	432299.188388	44.839650	3.550792	-0.581789	3.680907
412777	432301.282038	42.512223	7.040077	-0.591356	3.628835
412779	432303.372899	44.285481	6.061360	-0.604072	3.389400
412781	432305.466075	44.440653	5.955580	-0.606141	3.725190
412783	432307.558735	46.108872	3.504810	-0.589756	3.402061
412785	432309.649605	44.904993	5.810123	-0.606871	3.891627
412787	432311.741872	45.571230	3.530483	-0.589777	3.700890
412789	432313.832576	45.004367	6.409004	-0.634467	3.971308
412791	432315.924900	45.410401	6.325822	-0.633910	3.836655
412793	432318.018907	44.320225	6.454494	-0.596890	3.709682
412795	432320.111865	46.252993	6.113017	-0.633637	3.941682
412797	432322.204685	46.261604	5.396070	-0.612693	3.653356
412799	432324.296153	46.428835	5.348356	-0.612364	3.947556
412801	432326.388956	47.484235	3.605910	-0.607607	4.180348
412803	432328.482011	45.735625	5.449863	-0.606992	3.919352
412805	432330.572508	47.513007	5.086197	-0.616061	4.379411
412807	432332.665459	45.585207	5.342722	-0.617178	4.199732
412809	432334.756541	46.059138	5.781431	-0.605539	3.959035
412811	432336.848085	46.703532	5.132300	-0.611450	4.034790
412813	432338.940164	48.175178	4.718663	-0.619817	3.920638
412815	432341.031834	47.096212	4.937725	-0.613451	4.178234
412817	432343.123532	48.479566	3.009420	-0.618910	4.260539
412819	432345.216099	48.874851	5.211276	-0.655965	4.324851
412821	432347.308022	49.533146	4.486535	-0.619999	4.364719
412823	432349.400354	48.074194	4.676356	-0.616423	4.534991
412825	432351.492064	48.328986	4.602444	-0.617065	4.723799
412827	432353.584727	49.276864	3.003495	-0.622852	4.528214
412829	432355.678227	48.709383	4.486770	-0.619623	4.500056
412831	432357.770009	49.931822	4.142142	-0.628033	4.650565
412833	432359.861456	50.779915	3.185811	-0.614147	4.749737
412835	432361.953695	51.265212	4.011064	-0.623852	4.697004
412837	432364.045844	51.281956	2.999551	-0.619598	4.528954
412839	432366.137823	49.636986	4.684157	-0.615332	4.605185
412841	432368.228822	52.008635	3.833487	-0.624952	4.916383
412843	432370.320997	52.337767	-0.751546	-0.620221	4.862355
412845	432372.412887	52.295315	4.371950	-0.656020	4.861855
412847	432374.504103	50.957133	3.871268	-0.622458	4.859016
412849	432376.595578	51.258726	3.773135	-0.622460	5.055531
412851	432378.687421	53.007155	3.565000	-0.627733	5.053877
412853	432380.779631	51.697422	3.664321	-0.623359	4.892440
412855	432382.872178	54.226621	-0.861017	-0.622331	5.099332
412857	432384.963862	54.264560	3.377747	-0.627303	5.035690
412859	432387.056494	60.702079	-1.237430	-0.622666	4.931311
412861	432389.148877	54.137181	4.815904	-0.650853	5.038394
412863	432391.240685	53.828608	3.937796	-0.660115	5.099571
412865	432393.333423	54.897270	3.156089	-0.628904	5.215893
412867	432395.426290	53.334314	3.266025	-0.625723	5.458527
412869	432397.518804	54.954915	3.088633	-0.630595	5.321935
412871	432399.611890	55.526014	2.357685	-0.630716	5.371125
412873	432401.703630	53.903245	3.604512	-0.622360	5.130211
412875	432403.795549	54.410411	3.572544	-0.622578	5.580091
412877	432405.887424	54.457736	3.443615	-0.626197	5.349922
412879	432407.979035	56.400350	3.576201	-0.666543	5.525308
412881	432410.070564	56.268865	3.468283	-0.666421	5.633136
412883	432412.162216	55.272693	3.295275	-0.625775	5.603494
412885	432414.254063	55.369966	2.821816	-0.630274	5.553084
412887	432416.346066	57.284941	-1.799340	-0.627418	5.757544
412889	432418.438202	57.270902	3.504597	-0.664616	5.575827
412891	432420.530140	58.326900	2.494620	-0.629361	5.882505
412893	432422.622691	57.863001	2.459539	-0.632783	5.503872
412895	432424.715570	56.176511	2.610716	-0.631645	5.952363
412897	432426.807653	56.568697	2.951656	-0.628270	5.949511
412899	432428.899901	58.248317	3.017667	-0.663477	6.193781
412901	432430.992651	59.939090	2.246127	-0.629533	6.004747
412903	432433.084356	57.493625	2.286240	-0.632611	5.865055
412905	432435.176460	57.817638	2.235915	-0.631302	6.212387
412907	432437.268026	59.423830	2.089242	-0.633281	6.036542
412909	432439.359840	57.868061	2.213026	-0.630451	6.043933
412911	432441.450859	60.145822	2.814491	-0.662949	6.212792
412913	432443.542634	57.996050	2.482098	-0.623921	6.306039
412915	432445.633939	58.783561	1.980127	-0.631423	6.825648
412917	432447.726350	59.932498	-2.760381	-0.637858	6.111385
412919	432449.818032	59.137893	1.812049	-0.631447	6.315182
412921	432451.909792	59.453771	1.751143	-0.631354	6.408650
412923	432454.001478	59.621426	1.706861	-0.631468	6.232211
412925	432456.094065	61.780091	-2.967531	-0.638570	6.481538
412927	432458.186528	59.937958	1.654859	-0.631867	6.140739
412929	432460.277690	60.721172	-2.456600	-0.647382	6.697011
412931	432462.371147	61.731039	2.363503	-0.663005	6.741657
412933	432464.462770	60.573979	1.801165	-0.628671	6.690643
412935	432466.555642	61.747971	2.398481	-0.663116	6.861610
412937	432468.648126	61.925682	2.333597	-0.662511	6.868026
412939	432470.739737	63.114646	1.324901	-0.635671	7.008726
412941	432472.832000	61.578979	1.179600	-0.636736	6.991756
412943	432474.924179	63.862722	1.197508	-0.635480	6.710116
412945	432477.016264	61.663588	1.248365	-0.633584	7.002137
412947	432479.107227	61.962365	1.204236	-0.634839	6.670558
412949	432481.199054	63.533287	1.057003	-0.635972	6.776397
412951	432483.291321	62.315587	1.167320	-0.634491	6.804603
412953	432485.383104	63.976738	2.030380	-0.666633	6.724307
412955	432487.474877	62.711326	1.008942	-0.635973	7.078082
412957	432489.567099	62.844405	-3.052202	-0.647450	7.055276
412959	432491.658881	63.049156	0.909671	-0.636489	7.086929
412961	432493.751376	64.620074	0.937644	-0.639718	7.155853
412963	432495.843430	64.574526	2.151984	-0.664823	7.352480
412965	432497.935751	63.554026	0.817224	-0.639805	7.486520
412967	432500.028039	63.825348	0.741375	-0.639077	7.448280
412969	432502.119416	65.406143	0.651234	-0.637622	7.192890
412971	432504.211683	65.750114	0.609030	-0.635647	7.052664
412973	432506.302594	64.164525	0.809222	-0.647695	7.403821
412975	432508.393858	66.834414	0.537368	-0.632041	7.883839
412977	432510.485558	65.627980	-4.379880	-0.646432	7.586401
412979	432512.577358	64.915876	0.493159	-0.635249	7.549663
412981	432514.669301	66.086113	0.043118	-0.657799	7.429904
412983	432516.761314	66.926781	0.431123	-0.635689	7.695526
412985	432518.853200	66.628056	0.373307	-0.636612	7.715476
412987	432520.944967	66.881825	0.328657	-0.634552	7.599187
412989	432523.037117	65.855699	0.247404	-0.635013	7.978758
412991	432525.129058	67.008951	-4.646299	-0.645993	7.775762
