num crossings	time (s)	maj axis (mm)	min axis (mm)	theta (rad )	slope (V/s)
3473	4932.055079	36.710881	-12.257556	1.477108	2.633283
3475	4934.142998	36.425484	-12.694503	1.505182	2.792756
3477	4936.234382	37.117935	-11.685060	1.466527	2.787326
3479	4938.324926	37.164292	-11.218844	1.474625	2.683580
3481	4940.416757	36.737134	-12.081903	1.488152	2.452576
3483	4942.505773	37.211254	-13.032006	1.450937	2.452055
3485	4944.595357	37.271117	-13.042156	1.446081	2.494913
3487	4946.687466	39.796001	12.757707	1.451876	3.057934
3489	4948.780683	37.276704	-12.897822	1.442957	2.752096
3491	4950.875310	39.763025	12.718935	1.442565	2.723602
3493	4952.971052	37.514210	-12.898504	1.434835	2.882440
3495	4955.064384	37.582144	-11.848770	1.443950	3.277877
3497	4957.159440	37.686428	-11.947039	1.441847	2.599243
3499	4959.253322	39.964357	12.721625	1.437316	2.789889
3501	4961.346341	37.768961	-12.752530	1.428329	2.795861
3503	4963.438553	38.724659	-11.364629	1.423053	2.929884
3505	4965.530739	37.823577	-10.699308	1.446612	2.911290
3507	4967.623003	37.918124	-10.686868	1.444587	2.923228
3509	4969.713985	38.002257	-10.687076	1.441652	2.875150
3511	4971.806615	37.273017	-12.655928	1.453902	2.903578
3513	4973.896714	40.925444	12.321831	1.419356	2.786774
3515	4975.990473	38.620676	-10.960453	1.417188	2.889378
3517	4978.083202	38.092006	-12.172985	1.445049	2.877423
3519	4980.177451	40.990519	12.091917	1.412436	2.873905
3521	4982.272524	41.029328	12.023779	1.407183	2.947958
3523	4984.369368	38.408916	-11.368913	1.409092	2.860560
3525	4986.465042	38.404294	-11.463298	1.408591	3.041044
3527	4988.562262	38.587449	-11.365410	1.404267	2.913920
3529	4990.656700	38.548707	-11.355237	1.402057	2.931341
3531	4992.749893	38.645312	-11.355228	1.400240	3.166474
3533	4994.842978	38.895076	-10.244245	1.407858	2.989227
3535	4996.935650	39.155106	-12.421620	1.443590	2.947962
3537	4999.028926	41.600349	11.973067	1.392580	3.055889
3539	5001.119719	38.991158	-11.208258	1.394359	3.017289
3541	5003.212171	40.633789	-12.427881	1.446055	3.072615
3543	5005.305300	39.022786	-11.144813	1.390636	3.083207
3545	5007.396322	39.456719	-12.028282	1.425787	3.032191
3547	5009.485422	41.763119	11.754072	1.383503	3.119069
3549	5011.577021	39.159374	-11.947039	1.375215	3.039811
3551	5013.668441	42.152561	11.720803	1.376255	2.997213
3553	5015.758712	39.359706	-11.085217	1.374717	2.850499
3555	5017.849305	39.258962	-11.154953	1.373887	2.936163
3557	5019.937936	39.568207	-10.606208	1.373399	3.038793
3559	5022.030589	39.421513	-11.050465	1.367521	3.058754
3561	5024.122929	38.959530	-11.634155	1.391079	3.066510
3563	5026.213922	39.409148	-11.922650	1.357169	3.124466
3565	5028.307892	42.194478	11.768389	1.365953	3.069821
3567	5030.400127	39.987763	-10.590506	1.360451	3.152862
3569	5032.494032	39.322985	-12.117660	1.392962	3.111368
3571	5034.586544	39.989426	-10.606781	1.352694	3.184169
3573	5036.679180	39.791258	-11.004882	1.354513	3.152872
3575	5038.771129	42.760546	11.649341	1.353086	3.173176
3577	5040.863515	42.741794	11.681744	1.351535	3.196451
3579	5042.955587	40.219768	-10.422162	1.346938	3.203816
3581	5045.042048	38.786537	-11.486635	1.363616	3.105553
3583	5047.140585	42.757184	11.525919	1.346188	3.433041
3585	5049.230823	42.875848	11.594784	1.349190	3.090219
3587	5051.323309	43.183215	11.474109	1.339331	3.215145
3589	5053.419059	43.248352	11.412340	1.340683	3.268374
3591	5055.512628	43.105761	11.411532	1.338689	3.183638
3593	5057.608030	39.895460	-11.586304	1.328281	3.060754
3595	5059.702807	40.176562	-10.402727	1.329518	3.082634
3597	5061.797527	40.847738	-10.905727	1.359531	3.262964
3599	5063.891592	43.043480	11.413668	1.335859	3.143313
3601	5065.985919	39.028988	-10.464337	1.324886	3.200515
3603	5068.079757	40.333099	-10.719013	1.326731	3.145393
3605	5070.172541	40.170397	-11.474976	1.319388	3.247995
3607	5072.264977	40.239419	-11.452443	1.316598	3.211746
3609	5074.357756	43.000593	11.376870	1.326733	3.290900
3611	5076.448228	43.565004	11.270610	1.325314	3.141878
3613	5078.540272	40.499522	-10.353935	1.308142	3.143063
3615	5080.631720	40.696889	-9.582944	1.323849	3.149206
3617	5082.722016	41.533601	-11.100712	1.345318	3.277542
3619	5084.812540	40.455211	-11.407320	1.304227	3.212685
3621	5086.902842	43.293065	11.280972	1.312817	3.301645
3623	5088.992200	43.764841	11.249405	1.311965	3.248609
3625	5091.082835	40.670634	-10.215832	1.303734	3.115994
3627	5093.173243	40.651928	-10.595046	1.300326	3.177727
3629	5095.264095	40.804525	-10.194240	1.301164	3.183291
3631	5097.355976	40.701287	-10.569698	1.296484	3.223881
3633	5099.447671	43.472030	11.266482	1.300050	3.089353
3635	5101.540441	43.511328	11.315519	1.297118	3.215676
3637	5103.632606	40.705876	-11.335820	1.283611	3.332458
3639	5105.724972	40.841791	-10.188264	1.290395	3.281447
3641	5107.817116	41.163500	-11.356104	1.319555	3.319080
3643	5109.909026	43.947185	11.266162	1.289932	3.383059
3645	5112.001337	41.205410	-10.128101	1.284416	3.306439
3647	5114.093079	41.333617	-11.237846	1.312663	3.250921
3649	5116.185287	43.901820	11.176147	1.285443	3.331355
3651	5118.277122	41.033808	-10.085715	1.279921	3.117504
3653	5120.370897	41.585832	-10.774152	1.300513	3.133779
3655	5122.465451	44.050989	11.129758	1.280896	3.217712
3657	5124.557508	44.147377	11.100097	1.280553	3.280124
3659	5126.653296	41.226041	-10.099137	1.268392	3.317171
3661	5128.747209	40.965406	-10.480408	1.267826	3.272271
3663	5130.841606	40.925054	-11.204384	1.260082	3.294667
3665	5132.936087	40.903301	-11.186890	1.258994	3.388504
3667	5135.028905	43.706432	11.094171	1.275125	3.423437
3669	5137.122080	40.877732	-11.179882	1.256759	3.307091
3671	5139.214119	41.015747	-11.184629	1.253560	3.406146
3673	5141.306906	43.714748	11.099691	1.266742	3.413564
3675	5143.399197	41.055195	-11.177286	1.251075	3.306015
3677	5145.491276	43.974264	11.114019	1.267613	3.441979
3679	5147.583529	44.040479	11.107666	1.265039	3.434135
3681	5149.674703	44.150500	11.077563	1.262775	3.453869
3683	5151.766843	44.240823	11.110227	1.261610	3.390740
3685	5153.857816	44.519749	11.058030	1.255904	3.394103
3687	5155.948261	44.194965	11.078806	1.258138	3.391499
3689	5158.038185	43.949889	11.141726	1.256108	3.371622
3691	5160.129025	39.950981	-10.113500	1.245381	3.293524
3693	5162.218876	41.456250	-10.333792	1.237981	3.288103
3695	5164.308907	41.414622	-10.403481	1.236261	3.310743
3697	5166.400110	44.776822	11.024485	1.244752	3.227525
3699	5168.491321	41.371121	-11.151977	1.225720	3.246836
3701	5170.582441	44.496918	11.044167	1.238643	3.164848
3703	5172.674860	41.449153	-11.137147	1.222025	3.363401
3705	5174.765689	41.569580	-10.053857	1.233580	3.303786
3707	5176.858478	42.744561	-10.895457	1.260729	3.317106
3709	5178.950306	41.531727	-11.145288	1.216291	3.260085
3711	5181.042647	42.058764	-10.079020	1.221780	3.347087
3713	5183.134072	42.262341	-10.615589	1.244811	3.414580
3715	5185.226885	41.742242	-9.995169	1.224133	3.444866
3717	5187.320205	42.343311	-10.559731	1.241491	3.375937
3719	5189.412761	44.486252	11.143299	1.227779	3.224699
3721	5191.504745	41.527061	-11.049296	1.206452	3.331949
3723	5193.598922	41.606644	-10.206865	1.212764	3.313215
3725	5195.693294	41.561986	-9.609486	1.219303	3.369809
3727	5197.786521	41.579969	-10.337765	1.206550	3.347146
3729	5199.880762	44.397736	10.984753	1.222973	3.471355
3731	5201.973935	44.010412	10.985769	1.221313	3.439146
3733	5204.068213	40.240571	-10.103797	1.206390	3.404430
3735	5206.161297	43.334096	-10.396370	1.232080	3.435167
3737	5208.254338	44.012527	11.035931	1.216404	3.459827
3739	5210.346740	41.541385	-10.958293	1.191603	3.259407
3741	5212.439182	41.696671	-11.020108	1.189383	3.312191
3743	5214.531138	41.660797	-11.033250	1.188013	3.402506
3745	5216.622272	41.664985	-10.060963	1.193576	3.428817
3747	5218.714315	43.434670	-10.819193	1.229177	3.405156
3749	5220.805722	41.741120	-11.009078	1.183208	3.270713
3751	5222.896513	41.947314	-10.103609	1.183786	3.446326
3753	5224.987382	43.046559	-10.315890	1.211752	3.330703
