crossing time (s)	slope (V/s)	crossing number
281474976710655.000000	5.487318	407845	0.000000
281474976710655.000000	5.186393	407846	427070816256.000000
281474976710655.000000	5.603277	407847	427071864832.000000
281474976710655.000000	5.789755	407848	427072913408.000000
281474976710655.000000	5.835306	407849	427073961984.000000
281474976710655.000000	5.969825	407850	427075010560.000000
281474976710655.000000	6.045038	407851	427076059136.000000
281474976710655.000000	6.224198	407852	427077107712.000000
281474976710655.000000	6.153199	407853	427078156288.000000
281474976710655.000000	6.579572	407854	427079172096.000000
281474976710655.000000	5.867837	407855	427080253440.000000
281474976710655.000000	5.895896	407856	427081269248.000000
281474976710655.000000	6.978658	407857	427082350592.000000
281474976710655.000000	6.472231	407858	427083366400.000000
281474976710655.000000	6.375508	407859	427084447744.000000
281474976710655.000000	6.446243	407860	427085463552.000000
281474976710655.000000	6.533692	407861	427086544896.000000
281474976710655.000000	6.171654	407862	427087560704.000000
281474976710655.000000	6.991570	407863	427088609280.000000
281474976710655.000000	6.785086	407864	427089657856.000000
281474976710655.000000	6.718462	407865	427090706432.000000
281474976710655.000000	7.433477	407866	427091755008.000000
281474976710655.000000	6.413978	407867	427092803584.000000
281474976710655.000000	6.813283	407868	427093852160.000000
281474976710655.000000	7.516820	407869	427094900736.000000
281474976710655.000000	7.131981	407870	427095949312.000000
281474976710655.000000	7.372036	407871	427096997888.000000
281474976710655.000000	8.277222	407872	427098013696.000000
281474976710655.000000	6.995879	407873	427099095040.000000
281474976710655.000000	7.567316	407874	427100110848.000000
281474976710655.000000	7.753357	407875	427101192192.000000
281474976710655.000000	7.052692	407876	427102208000.000000
281474976710655.000000	8.898582	407877	427103289344.000000
281474976710655.000000	8.152452	407878	427104305152.000000
281474976710655.000000	7.098324	407879	427105386496.000000
281474976710655.000000	7.882461	407880	427106402304.000000
281474976710655.000000	7.865458	407881	427107450880.000000
281474976710655.000000	7.621737	407882	427108499456.000000
281474976710655.000000	7.947468	407883	427109548032.000000
281474976710655.000000	8.491482	407884	427110596608.000000
281474976710655.000000	7.646335	407885	427111645184.000000
281474976710655.000000	8.086962	407886	427112693760.000000
281474976710655.000000	7.549617	407887	427113742336.000000
281474976710655.000000	7.771489	407888	427114790912.000000
281474976710655.000000	8.328826	407889	427115839488.000000
281474976710655.000000	8.525524	407890	427116855296.000000
281474976710655.000000	8.259236	407891	427117936640.000000
281474976710655.000000	7.842546	407892	427118952448.000000
281474976710655.000000	8.523370	407893	427120033792.000000
281474976710655.000000	8.217462	407894	427121049600.000000
281474976710655.000000	8.646642	407895	427122098176.000000
281474976710655.000000	8.078802	407896	427123146752.000000
281474976710655.000000	7.828630	407897	427124195328.000000
281474976710655.000000	9.423211	407898	427125243904.000000
281474976710655.000000	8.408501	407899	427126292480.000000
281474976710655.000000	8.366158	407900	427127341056.000000
281474976710655.000000	8.630673	407901	427128389632.000000
281474976710655.000000	8.750382	407902	427129405440.000000
281474976710655.000000	8.546541	407903	427130486784.000000
281474976710655.000000	8.375959	407904	427131502592.000000
281474976710655.000000	8.453638	407905	427132583936.000000
281474976710655.000000	8.162419	407906	427133599744.000000
281474976710655.000000	9.389391	407907	427134681088.000000
281474976710655.000000	9.031713	407908	427135696896.000000
281474976710655.000000	8.584711	407909	427136745472.000000
281474976710655.000000	8.779939	407910	427137794048.000000
281474976710655.000000	8.456917	407911	427138842624.000000
281474976710655.000000	9.357650	407912	427139891200.000000
281474976710655.000000	9.418161	407913	427140939776.000000
281474976710655.000000	8.967095	407914	427141988352.000000
281474976710655.000000	9.517784	407915	427143036928.000000
281474976710655.000000	9.063200	407916	427144052736.000000
281474976710655.000000	8.456612	407917	427145134080.000000
281474976710655.000000	10.142834	407918	427146149888.000000
281474976710655.000000	8.792787	407919	427147231232.000000
281474976710655.000000	9.109644	407920	427148247040.000000
281474976710655.000000	9.584899	407921	427149328384.000000
281474976710655.000000	9.156836	407922	427150344192.000000
281474976710655.000000	8.139560	407923	427151392768.000000
281474976710655.000000	9.423972	407924	427152441344.000000
281474976710655.000000	9.074822	407925	427153489920.000000
281474976710655.000000	10.157573	407926	427154538496.000000
281474976710655.000000	8.629621	407927	427155587072.000000
281474976710655.000000	9.878371	407928	427156635648.000000
281474976710655.000000	9.610148	407929	427157684224.000000
281474976710655.000000	9.707899	407930	427158700032.000000
281474976710655.000000	9.414873	407931	427159781376.000000
281474976710655.000000	8.842772	407932	427160797184.000000
281474976710655.000000	8.582405	407933	427161878528.000000
281474976710655.000000	9.016347	407934	427162894336.000000
281474976710655.000000	9.756643	407935	427163975680.000000
281474976710655.000000	9.417741	407936	427164991488.000000
281474976710655.000000	10.474581	407937	427166040064.000000
281474976710655.000000	9.153878	407938	427167088640.000000
281474976710655.000000	9.144617	407939	427168137216.000000
281474976710655.000000	10.474893	407940	427169185792.000000
281474976710655.000000	9.494623	407941	427170234368.000000
281474976710655.000000	9.388255	407942	427171282944.000000
281474976710655.000000	9.516839	407943	427172331520.000000
281474976710655.000000	10.404678	407944	427173347328.000000
281474976710655.000000	10.918856	407945	427174428672.000000
281474976710655.000000	11.047482	407946	427175444480.000000
281474976710655.000000	8.689491	407947	427176525824.000000
281474976710655.000000	10.216869	407948	427177541632.000000
281474976710655.000000	9.886870	407949	427178590208.000000
281474976710655.000000	9.535342	407950	427179638784.000000
281474976710655.000000	9.396341	407951	427180687360.000000
281474976710655.000000	9.482734	407952	427181735936.000000
281474976710655.000000	9.617046	407953	427182784512.000000
281474976710655.000000	10.270945	407954	427183833088.000000
281474976710655.000000	9.164806	407955	427184881664.000000
281474976710655.000000	11.366958	407956	427185930240.000000
281474976710655.000000	10.724063	407957	427186978816.000000
281474976710655.000000	9.353612	407958	427187994624.000000
281474976710655.000000	9.344898	407959	427189075968.000000
281474976710655.000000	9.633602	407960	427190091776.000000
281474976710655.000000	8.926565	407961	427191173120.000000
281474976710655.000000	10.644994	407962	427192188928.000000
281474976710655.000000	9.819566	407963	427193237504.000000
281474976710655.000000	10.723969	407964	427194286080.000000
281474976710655.000000	9.961479	407965	427195334656.000000
281474976710655.000000	10.111465	407966	427196383232.000000
281474976710655.000000	10.977905	407967	427197431808.000000
281474976710655.000000	10.202352	407968	427198480384.000000
281474976710655.000000	9.643284	407969	427199528960.000000
281474976710655.000000	10.428643	407970	427200577536.000000
281474976710655.000000	10.343266	407971	427201626112.000000
281474976710655.000000	11.292813	407972	427202641920.000000
281474976710655.000000	10.056736	407973	427203723264.000000
281474976710655.000000	10.589329	407974	427204739072.000000
281474976710655.000000	11.363662	407975	427205820416.000000
281474976710655.000000	8.541604	407976	427206836224.000000
281474976710655.000000	11.274396	407977	427207884800.000000
281474976710655.000000	10.303493	407978	427208933376.000000
281474976710655.000000	10.363709	407979	427209981952.000000
281474976710655.000000	10.975405	407980	427211030528.000000
281474976710655.000000	10.192160	407981	427212079104.000000
281474976710655.000000	9.786712	407982	427213127680.000000
281474976710655.000000	10.066307	407983	427214176256.000000
281474976710655.000000	10.396292	407984	427215192064.000000
281474976710655.000000	10.897471	407985	427216273408.000000
281474976710655.000000	10.064950	407986	427217289216.000000
281474976710655.000000	10.867178	407987	427218370560.000000
281474976710655.000000	10.071062	407988	427219386368.000000
281474976710655.000000	9.722276	407989	427220434944.000000
281474976710655.000000	11.176741	407990	427221483520.000000
281474976710655.000000	10.079337	407991	427222532096.000000
281474976710655.000000	11.341753	407992	427223580672.000000
281474976710655.000000	10.443572	407993	427224629248.000000
281474976710655.000000	10.546490	407994	427225677824.000000
281474976710655.000000	9.767033	407995	427226726400.000000
281474976710655.000000	10.384036	407996	427227742208.000000
281474976710655.000000	9.664104	407997	427228823552.000000
281474976710655.000000	9.771791	407998	427229839360.000000
281474976710655.000000	10.539555	407999	427230920704.000000
281474976710655.000000	10.624001	408000	427231936512.000000
281474976710655.000000	9.347568	408001	427233017856.000000
281474976710655.000000	11.011736	408002	427234033664.000000
281474976710655.000000	11.000565	408003	427235082240.000000
281474976710655.000000	10.615832	408004	427236130816.000000
281474976710655.000000	11.888603	408005	427237179392.000000
281474976710655.000000	11.586782	408006	427238227968.000000
281474976710655.000000	9.401067	408007	427239276544.000000
281474976710655.000000	10.349669	408008	427240325120.000000
281474976710655.000000	9.763632	408009	427241373696.000000
281474976710655.000000	10.587410	408010	427242389504.000000
281474976710655.000000	10.408525	408011	427243470848.000000
281474976710655.000000	8.934953	408012	427244486656.000000
281474976710655.000000	10.799056	408013	427245568000.000000
281474976710655.000000	10.175279	408014	427246583808.000000
281474976710655.000000	11.367572	408015	427247632384.000000
281474976710655.000000	10.554347	408016	427248680960.000000
281474976710655.000000	10.072429	408017	427249729536.000000
281474976710655.000000	12.054302	408018	427250778112.000000
281474976710655.000000	10.265099	408019	427251826688.000000
281474976710655.000000	11.059116	408020	427252875264.000000
281474976710655.000000	11.528828	408021	427253923840.000000
281474976710655.000000	9.127282	408022	427254972416.000000
281474976710655.000000	11.634828	408023	427256020992.000000
281474976710655.000000	9.448436	408024	427257036800.000000
281474976710655.000000	10.767483	408025	427258118144.000000
281474976710655.000000	10.984024	408026	427259133952.000000
281474976710655.000000	10.443693	408027	427260215296.000000
281474976710655.000000	11.206694	408028	427261231104.000000
281474976710655.000000	11.447958	408029	427262279680.000000
281474976710655.000000	11.125449	408030	427263328256.000000
281474976710655.000000	11.287852	408031	427264376832.000000
281474976710655.000000	9.829677	408032	427265425408.000000
281474976710655.000000	10.185843	408033	427266473984.000000
281474976710655.000000	11.468266	408034	427267522560.000000
281474976710655.000000	11.236968	408035	427268571136.000000
281474976710655.000000	11.326399	408036	427269586944.000000
281474976710655.000000	10.756742	408037	427270668288.000000
281474976710655.000000	10.154333	408038	427271684096.000000
281474976710655.000000	11.638617	408039	427272765440.000000
281474976710655.000000	10.778077	408040	427273781248.000000
281474976710655.000000	11.862437	408041	427274829824.000000
281474976710655.000000	11.396758	408042	427275878400.000000
281474976710655.000000	13.142711	408043	427276926976.000000
281474976710655.000000	14.037117	408044	427277975552.000000
281474976710655.000000	9.663984	408045	427279024128.000000
281474976710655.000000	11.240924	408046	427280072704.000000
281474976710655.000000	9.503454	408047	427281121280.000000
281474976710655.000000	12.509469	408048	427282169856.000000
281474976710655.000000	11.889462	408049	427283218432.000000
281474976710655.000000	10.639554	408050	427284234240.000000
281474976710655.000000	11.068094	408051	427285315584.000000
281474976710655.000000	11.298552	408052	427286331392.000000
281474976710655.000000	12.290896	408053	427287412736.000000
281474976710655.000000	11.514772	408054	427288428544.000000
281474976710655.000000	11.069528	408055	427289477120.000000
281474976710655.000000	11.761706	408056	427290525696.000000
281474976710655.000000	9.886540	408057	427291574272.000000
281474976710655.000000	11.372583	408058	427292622848.000000
281474976710655.000000	11.688688	408059	427293671424.000000
281474976710655.000000	11.153811	408060	427294720000.000000
281474976710655.000000	9.654449	408061	427295768576.000000
281474976710655.000000	11.721896	408062	427296784384.000000
281474976710655.000000	11.327327	408063	427297865728.000000
281474976710655.000000	11.082754	408064	427298881536.000000
281474976710655.000000	12.819286	408065	427299962880.000000
281474976710655.000000	11.364476	408066	427300978688.000000
281474976710655.000000	11.019938	408067	427302027264.000000
281474976710655.000000	11.865291	408068	427303075840.000000
281474976710655.000000	11.782662	408069	427304124416.000000
281474976710655.000000	11.469105	408070	427305172992.000000
281474976710655.000000	9.875743	408071	427306221568.000000
281474976710655.000000	12.512970	408072	427307270144.000000
281474976710655.000000	11.067556	408073	427308318720.000000
281474976710655.000000	10.125020	408074	427309334528.000000
281474976710655.000000	10.410901	408075	427310415872.000000
281474976710655.000000	12.432827	408076	427311431680.000000
281474976710655.000000	11.572866	408077	427312513024.000000
281474976710655.000000	11.506837	408078	427313528832.000000
281474976710655.000000	11.851526	408079	427314577408.000000
281474976710655.000000	10.792153	408080	427315625984.000000
281474976710655.000000	12.275346	408081	427316674560.000000
281474976710655.000000	11.776529	408082	427317723136.000000
281474976710655.000000	10.119879	408083	427318771712.000000
281474976710655.000000	11.328886	408084	427319820288.000000
281474976710655.000000	10.516338	408085	427320868864.000000
281474976710655.000000	13.241231	408086	427321917440.000000
281474976710655.000000	11.611570	408087	427322966016.000000
281474976710655.000000	10.520656	408088	427323981824.000000
281474976710655.000000	12.458141	408089	427325063168.000000
281474976710655.000000	12.083797	408090	427326078976.000000
281474976710655.000000	10.660542	408091	427327127552.000000
281474976710655.000000	11.971020	408092	427328176128.000000
281474976710655.000000	10.106594	408093	427329224704.000000
281474976710655.000000	12.012240	408094	427330273280.000000
281474976710655.000000	10.765657	408095	427331321856.000000
281474976710655.000000	11.647035	408096	427332370432.000000
281474976710655.000000	10.768265	408097	427333419008.000000
281474976710655.000000	10.477101	408098	427334467584.000000
281474976710655.000000	11.814196	408099	427335516160.000000
281474976710655.000000	11.326694	408100	427336531968.000000
281474976710655.000000	10.531848	408101	427337613312.000000
281474976710655.000000	10.557950	408102	427338629120.000000
281474976710655.000000	11.891098	408103	427339710464.000000
281474976710655.000000	12.403450	408104	427340726272.000000
281474976710655.000000	10.450489	408105	427341774848.000000
281474976710655.000000	11.353935	408106	427342823424.000000
281474976710655.000000	11.089815	408107	427343872000.000000
281474976710655.000000	13.275668	408108	427344920576.000000
281474976710655.000000	11.280588	408109	427345969152.000000
281474976710655.000000	11.050206	408110	427347017728.000000
281474976710655.000000	11.361431	408111	427348066304.000000
281474976710655.000000	11.791799	408112	427349082112.000000
281474976710655.000000	10.574161	408113	427350163456.000000
281474976710655.000000	11.202667	408114	427351179264.000000
281474976710655.000000	11.302475	408115	427352260608.000000
281474976710655.000000	9.521315	408116	427353276416.000000
281474976710655.000000	11.904343	408117	427354324992.000000
281474976710655.000000	11.198922	408118	427355373568.000000
281474976710655.000000	9.613434	408119	427356422144.000000
281474976710655.000000	13.988635	408120	427357470720.000000
281474976710655.000000	11.460136	408121	427358519296.000000
281474976710655.000000	10.852630	408122	427359567872.000000
281474976710655.000000	10.414589	408123	427360616448.000000
281474976710655.000000	10.630725	408124	427361665024.000000
281474976710655.000000	11.701243	408125	427362713600.000000
281474976710655.000000	10.736697	408126	427363729408.000000
281474976710655.000000	10.958291	408127	427364810752.000000
281474976710655.000000	13.532809	408128	427365826560.000000
281474976710655.000000	10.493800	408129	427366875136.000000
281474976710655.000000	12.347378	408130	427367923712.000000
281474976710655.000000	12.308670	408131	427368972288.000000
281474976710655.000000	12.157492	408132	427370020864.000000
281474976710655.000000	11.273457	408133	427371069440.000000
281474976710655.000000	12.131086	408134	427372118016.000000
281474976710655.000000	12.080543	408135	427373166592.000000
281474976710655.000000	11.112740	408136	427374215168.000000
281474976710655.000000	10.776367	408137	427375263744.000000
