time (s)	coil I (A)	last det (V)	int current (uC)
3259.516415	0.455565	143.652344	275.488281
3259.518418	0.814696	143.652344	275.488281
3259.520417	1.084560	143.652344	275.488281
3259.522418	1.103116	143.652344	275.488281
3259.524417	1.100233	12.102567	0.182753
3260.606434	0.861506	410.644531	-151.757812
3260.608434	1.096746	410.644531	-151.757812
3260.610436	1.102369	410.644531	-151.757812
3260.612435	1.099829	12.098119	0.175473
3261.612504	0.816254	144.140625	273.046875
3261.614506	1.084749	144.140625	273.046875
3261.616505	1.102543	144.140625	273.046875
3261.618506	1.099698	12.096683	0.167030
3262.689053	0.917597	432.324219	-149.121094
3262.691053	1.104134	432.324219	-149.121094
3262.693054	1.102281	12.125094	0.177823
3263.699629	0.669948	145.410156	267.480469
3263.701632	1.008479	145.410156	267.480469
3263.705628	1.101257	145.410156	267.480469
3263.707630	1.099194	12.091135	0.306263
3264.773649	0.409506	403.222656	-150.683594
3264.775650	0.770539	403.222656	-150.683594
3264.779649	1.103155	403.222656	-150.683594
3264.783648	1.098493	403.222656	-150.683594
3264.785650	1.097455	12.072001	0.186538
3265.791660	0.528925	145.019531	262.109375
3265.793662	0.885486	145.019531	262.109375
3265.795662	1.101438	145.019531	262.109375
3265.797663	1.102982	145.019531	262.109375
3265.799662	1.100388	12.104269	0.172228
3266.861721	0.711914	431.445312	-146.777344
3266.867719	1.100700	431.445312	-146.777344
3266.869720	1.098939	431.445312	-146.777344
3266.871723	1.097772	12.075493	0.486415
3267.880688	0.681811	149.121094	255.957031
3267.882690	1.016531	149.121094	255.957031
3267.884690	1.103940	149.121094	255.957031
3267.886691	1.100428	12.104703	0.356331
3268.947311	0.426248	397.167969	-147.656250
3268.949313	0.786536	397.167969	-147.656250
3268.951314	1.074082	397.167969	-147.656250
3268.953313	1.103150	397.167969	-147.656250
3268.955314	1.100355	12.103906	0.177441
3269.969381	0.632783	149.023437	249.707031
3269.971384	0.980155	149.023437	249.707031
3269.973384	1.106070	149.023437	249.707031
3269.975383	1.102653	12.129181	0.170523
3271.035416	0.735346	397.167969	-145.507812
3271.037416	1.049940	397.167969	-145.507812
3271.039418	1.104200	397.167969	-145.507812
3271.041416	1.101092	12.112015	0.175460
3272.053464	0.541551	146.679687	244.531250
3272.057473	1.102803	146.679687	244.531250
3272.059477	1.102613	146.679687	244.531250
3272.061482	1.100100	12.101096	0.170937
3273.127507	0.607977	410.449219	-143.164062
3273.129506	0.959434	410.449219	-143.164062
3273.131507	1.105572	410.449219	-143.164062
3273.133506	1.102318	12.125503	0.169253
3274.137524	0.488213	145.117187	240.332031
3274.139526	0.846054	145.117187	240.332031
3274.141526	1.093727	145.117187	240.332031
3274.143523	1.103162	145.117187	240.332031
3274.145526	1.100478	12.105261	0.175821
3275.217567	0.531057	434.765625	-141.601562
3275.219569	0.887430	434.765625	-141.601562
3275.221569	1.101211	434.765625	-141.601562
3275.223569	1.102307	434.765625	-141.601562
3275.225569	1.099796	12.097755	0.167157
3276.221576	0.386388	149.121094	240.332031
3276.223577	0.748406	149.121094	240.332031
3276.225579	0.758500	149.121094	240.332031
3276.227578	1.103188	149.121094	240.332031
3276.229577	1.100046	12.100502	0.173458
3277.310534	0.514555	390.429687	-147.265625
3277.312535	0.871476	390.429687	-147.265625
3277.314538	1.098646	390.429687	-147.265625
3277.316537	1.102401	390.429687	-147.265625
3277.318536	1.099707	12.096780	0.165738
3278.308548	0.346326	143.554687	239.746094
3278.310550	0.710282	143.554687	239.746094
3278.312549	1.035199	143.554687	239.746094
3278.314551	1.103997	143.554687	239.746094
3278.318547	1.098771	12.086482	0.170101
3279.398641	0.309131	386.035156	-150.585937
3279.400642	0.675176	386.035156	-150.585937
3279.402643	1.012491	386.035156	-150.585937
3279.404642	1.106107	386.035156	-150.585937
3279.406645	1.102828	12.131104	0.166165
3280.394698	0.768844	144.628906	241.308594
3280.396699	1.066308	144.628906	241.308594
3280.398699	1.102973	144.628906	241.308594
3280.400699	1.099887	12.098756	0.161486
3281.487654	0.462781	385.546875	-155.273437
3281.489654	0.821471	385.546875	-155.273437
3281.491656	1.086657	385.546875	-155.273437
3281.493655	1.102942	385.546875	-155.273437
3281.495655	1.100092	12.101017	0.167187
3282.481685	0.597675	138.085937	241.015625
3282.483687	0.950526	138.085937	241.015625
3282.485687	1.106344	138.085937	241.015625
3282.487688	1.103176	12.134941	0.158613
3283.575718	0.487132	376.269531	-157.714844
3283.577721	0.845025	376.269531	-157.714844
3283.579721	1.093056	376.269531	-157.714844
3283.581722	1.102459	376.269531	-157.714844
3283.583722	1.099764	12.097409	0.167911
3284.569752	0.975546	136.523437	241.796875
3284.571752	1.104752	136.523437	241.796875
3284.573755	1.101282	12.114097	0.155572
3285.663826	0.563079	385.937500	-159.179687
3285.665826	0.918273	385.937500	-159.179687
3285.667827	1.103784	385.937500	-159.179687
3285.669827	1.101754	12.119299	0.164859
3286.656802	0.738855	139.355469	243.261719
3286.658805	1.051330	139.355469	243.261719
3286.660806	1.103080	139.355469	243.261719
3286.662804	1.099903	12.098933	0.155164
3287.755338	1.105116	375.195312	-160.839844
3287.757339	1.101614	375.195312	-160.839844
3287.759340	1.099560	12.095158	0.313566
3288.739871	0.365776	136.914062	242.285156
3288.741871	0.728795	136.914062	242.285156
3288.743870	1.046158	136.914062	242.285156
3288.747870	1.100606	136.914062	242.285156
3288.749872	1.098815	12.086969	0.154043
3289.841917	0.911668	366.796875	-162.597656
3289.843918	0.917492	366.796875	-162.597656
3289.845918	1.101641	12.118049	0.167995
3290.830490	0.805119	141.210937	242.871094
3290.832491	1.080756	141.210937	242.871094
3290.834491	1.102343	141.210937	242.871094
3290.836491	1.099491	12.094396	0.149285
3291.925050	1.555771	349.707031	-164.746094
3291.927050	0.780398	349.707031	-164.746094
3291.929052	1.071630	349.707031	-164.746094
3291.931051	1.103302	349.707031	-164.746094
3291.933052	1.100328	12.103603	0.170096
3292.917095	0.566195	136.035156	239.648437
3292.919098	0.921071	136.035156	239.648437
3292.921097	1.103565	136.035156	239.648437
3292.923098	1.101556	12.117119	0.146385
3294.011133	0.592760	348.535156	-165.332031
3294.013134	0.945886	348.535156	-165.332031
3294.015134	1.105326	348.535156	-165.332031
3294.017134	1.102367	12.126035	0.173292
3295.003220	0.468750	136.230469	237.988281
3295.005222	0.827199	136.230469	237.988281
3295.007223	1.088127	136.230469	237.988281
3295.009223	1.102543	136.230469	237.988281
3295.011221	1.099854	12.098392	0.151988
3296.097263	0.401454	328.125000	-166.503906
3296.099264	0.762722	328.125000	-166.503906
3296.101266	1.063703	328.125000	-166.503906
3296.103265	1.103459	328.125000	-166.503906
3296.105266	1.100524	12.105766	0.173785
3297.091307	0.634082	137.109375	235.449219
3297.093310	0.981113	137.109375	235.449219
3297.097307	1.102077	137.109375	235.449219
3297.099308	1.101992	12.121914	0.152318
3298.189384	0.787289	319.238281	-167.187500
3298.191387	1.073870	319.238281	-167.187500
3298.193387	1.102273	319.238281	-167.187500
3298.195387	1.099436	12.093794	0.164229
3299.179456	0.534624	134.179687	230.566406
3299.181465	0.890768	134.179687	230.566406
3299.185459	1.105208	134.179687	230.566406
3299.187459	1.102894	12.131831	0.142666
3300.271507	0.433539	333.496094	-166.406250
3300.273508	0.793281	333.496094	-166.406250
3300.275507	1.076415	333.496094	-166.406250
3300.277507	1.102301	333.496094	-166.406250
3300.279508	1.099401	12.093412	0.167067
3301.267574	0.613491	137.109375	227.148437
3301.271576	1.104465	137.109375	227.148437
3301.273576	1.100980	137.109375	227.148437
3301.275575	1.098827	12.087093	0.143047
3302.359623	0.653129	352.734375	-164.355469
3302.361627	0.996807	352.734375	-164.355469
3302.363626	1.109601	352.734375	-164.355469
3302.365624	1.109487	12.204359	0.167649
3303.355599	0.539310	139.355469	222.656250
3303.357618	0.895235	139.355469	222.656250
3303.359624	1.101991	139.355469	222.656250
3303.361623	1.101526	139.355469	222.656250
3303.363623	1.099118	12.090293	0.143405
3304.443719	0.326001	338.867187	-163.574219
3304.445720	0.690926	338.867187	-163.574219
3304.447721	1.022568	338.867187	-163.574219
3304.449721	1.103604	338.867187	-163.574219
3304.451721	1.100130	12.101432	0.161632
3305.446328	0.894696	134.570312	217.480469
3305.448330	1.101876	134.570312	217.480469
3305.450332	1.101397	134.570312	217.480469
3305.452335	1.099053	12.089583	0.142696
3306.528425	0.622380	334.375000	-162.304687
3306.530427	0.971476	334.375000	-162.304687
3306.532428	1.105172	334.375000	-162.304687
3306.534428	1.101701	12.118713	0.157741
3307.533013	0.677339	141.308594	214.550781
3307.535015	1.013885	141.308594	214.550781
3307.537017	1.105847	141.308594	214.550781
3307.539015	1.102536	12.127895	0.331131
3308.613102	0.545109	320.800781	-162.402344
3308.615109	0.900895	320.800781	-162.402344
3308.617108	1.102357	320.800781	-162.402344
3308.619108	1.101673	12.118404	0.158401
3309.623178	0.664925	137.304687	210.937500
3309.625180	1.004656	137.304687	210.937500
3309.627181	1.104827	137.304687	210.937500
3309.629181	1.101298	12.114274	0.273689
3310.695251	0.376744	290.234375	-163.964844
3310.697251	0.739174	290.234375	-163.964844
3310.699253	1.051678	290.234375	-163.964844
3310.701253	1.103512	290.234375	-163.964844
3310.703253	1.100371	12.104082	0.161375
3311.713315	0.783590	137.402344	209.082031
3311.715317	1.072598	137.402344	209.082031
3311.717318	1.102744	137.402344	209.082031
3311.719317	1.099868	12.098543	0.764378
3312.779328	0.513718	306.738281	-166.015625
3312.781331	0.870523	306.738281	-166.015625
3312.783331	1.098618	306.738281	-166.015625
3312.785330	1.102484	306.738281	-166.015625
3312.787332	1.099929	12.099217	0.163180
3313.801361	0.664976	144.628906	211.035156
3313.803363	1.004717	144.628906	211.035156
3313.805362	1.104598	144.628906	211.035156
3313.807363	1.101038	12.111421	0.271852
3314.865344	0.490516	277.734375	-170.019531
3314.867344	0.848173	277.734375	-170.019531
3314.869346	1.093129	277.734375	-170.019531
3314.871345	1.101480	277.734375	-170.019531
3314.873344	1.098920	12.088121	0.160663
3315.893378	1.104304	140.527344	212.500000
3315.895381	1.100779	140.527344	212.500000
3315.897380	1.098672	12.085392	0.139783
3316.951426	0.571430	290.527344	-173.535156
3316.953427	0.926003	290.527344	-173.535156
3316.955428	1.103130	290.527344	-173.535156
3316.957428	1.100625	12.106874	0.168943
3317.975990	0.535411	145.898437	214.746094
3317.979994	1.102742	145.898437	214.746094
3317.981997	1.103386	145.898437	214.746094
3317.984003	1.100926	12.110189	0.132909
3319.038025	0.651672	282.031250	-176.757812
3319.040026	0.994952	282.031250	-176.757812
3319.042027	1.105624	282.031250	-176.757812
3319.044026	1.102181	12.123996	0.165895
3320.062582	0.658676	138.964844	216.894531
3320.064584	1.000119	138.964844	216.894531
3320.066588	1.104800	138.964844	216.894531
3320.068592	1.101231	12.113538	0.139008
3321.130628	1.104676	278.613281	-180.273437
3321.132630	1.101713	12.118838	0.160278
3322.147224	0.435179	140.429687	218.164062
3322.149226	0.794803	140.429687	218.164062
3322.151228	1.076886	140.429687	218.164062
3322.153233	1.102246	140.429687	218.164062
3322.155239	1.099283	12.092110	0.130657
3323.213286	0.587445	284.570312	-182.421875
3323.215289	0.941022	284.570312	-182.421875
3323.217286	1.104785	284.570312	-182.421875
3323.219288	1.101874	12.120611	0.163834
3324.233272	0.693910	135.644531	218.457031
3324.235275	1.024415	135.644531	218.457031
3324.239271	1.099966	135.644531	218.457031
3324.241273	1.098138	12.079516	0.379916
3325.301308	0.556746	272.167969	-184.472656
3325.303310	0.912048	272.167969	-184.472656
3325.305310	1.103363	272.167969	-184.472656
3325.309307	1.099370	12.093066	0.166337
3326.317852	0.459009	137.988281	218.359375
3326.319853	0.817712	137.988281	218.359375
3326.321855	1.085082	137.988281	218.359375
3326.323853	1.102357	137.988281	218.359375
3326.325854	1.099524	12.094759	0.128842
3327.389945	0.590907	277.832031	-186.132812
3327.391947	0.944065	277.832031	-186.132812
3327.393947	1.104323	277.832031	-186.132812
3327.395948	1.101225	12.113477	0.158968
3328.403964	0.499641	139.257812	218.066406
3328.405966	0.856849	139.257812	218.066406
3328.407968	1.095204	139.257812	218.066406
3328.409964	1.101729	139.257812	218.066406
3328.411966	1.099114	12.090258	0.125698
3329.476530	0.391820	241.992187	-187.207031
3329.478531	0.753368	241.992187	-187.207031
3329.480532	1.058725	241.992187	-187.207031
3329.482531	1.102543	241.992187	-187.207031
3329.484532	1.099437	12.093801	0.163332
3330.492590	0.979966	140.136719	217.578125
3330.494594	1.104546	140.136719	217.578125
3330.496593	1.100912	12.110029	0.124360
3331.565533	0.585014	241.015625	-187.890625
3331.567535	0.938744	241.015625	-187.890625
3331.569536	1.104082	241.015625	-187.890625
3331.571534	1.101112	12.112236	0.157740
3332.579577	1.072030	139.941406	216.308594
3332.581578	1.102215	139.941406	216.308594
3332.583580	1.099235	12.091587	0.124585
3333.652149	0.716844	256.933594	-188.281250
3333.654149	1.038943	256.933594	-188.281250
3333.656150	1.103404	256.933594	-188.281250
3333.658152	1.100121	12.101326	0.492971
3334.663092	0.624133	135.156250	215.234375
3334.665092	0.972797	135.156250	215.234375
3334.667092	1.105380	135.156250	215.234375
3334.669091	1.101924	12.121161	0.122600
3335.737126	0.550641	225.000000	-189.355469
3335.741125	1.103603	225.000000	-189.355469
3335.743126	1.102721	225.000000	-189.355469
3335.747126	1.098787	12.086659	0.157221
3336.751143	1.485130	135.156250	212.890625
3336.753146	0.865112	135.156250	212.890625
3336.755147	1.097185	135.156250	212.890625
3336.757148	1.101958	135.156250	212.890625
3336.761153	1.097974	12.077717	0.121199
3337.821231	0.647465	256.542969	-189.843750
3337.823233	0.991825	256.542969	-189.843750
3337.825233	1.107075	256.542969	-189.843750
3337.827233	1.103590	12.139487	0.211175
3338.839271	0.541175	137.890625	210.742187
3338.841278	0.896914	137.890625	210.742187
3338.843282	1.102087	137.890625	210.742187
3338.845283	1.101719	12.118909	0.119515
3339.907345	0.593832	212.402344	-189.648437
3339.909348	0.946909	212.402344	-189.648437
3339.911348	1.105073	212.402344	-189.648437
3339.913349	1.101987	12.121852	0.158414
3340.927380	0.618988	140.332031	208.691406
3340.929382	0.968589	140.332031	208.691406
3340.931383	1.105224	140.332031	208.691406
3340.933382	1.101840	12.120239	0.125605
3341.991954	0.594439	210.644531	-188.671875
3341.993957	0.947346	210.644531	-188.671875
3341.995956	1.105035	210.644531	-188.671875
3341.997956	1.101982	12.121807	0.152036
3343.015981	0.647404	136.816406	205.859375
3343.019980	1.105635	136.816406	205.859375
3343.021982	1.102045	136.816406	205.859375
3343.023982	1.099851	12.098367	0.126317
3344.080062	0.941748	213.378906	-186.425781
3344.082064	1.103712	213.378906	-186.425781
3344.084063	1.100587	12.106457	0.154662
3345.102115	0.552925	138.671875	202.148437
3345.104116	0.908267	138.671875	202.148437
3345.106116	1.103195	138.671875	202.148437
3345.108117	1.101948	12.121426	0.124882
3346.164128	0.759607	250.292969	-184.179687
3346.166130	1.061633	250.292969	-184.179687
3346.168131	1.102444	250.292969	-184.179687
3346.172128	1.097768	12.075449	0.156103
3347.188661	0.579079	140.527344	198.925781
3347.190662	0.933125	140.527344	198.925781
3347.192662	1.104197	140.527344	198.925781
3347.194663	1.101546	12.117004	0.119673
3348.250704	0.653539	251.464844	-181.250000
3348.252704	0.996249	251.464844	-181.250000
3348.254705	1.105163	251.464844	-181.250000
3348.256707	1.101659	12.118244	0.223125
3349.273670	0.650700	136.425781	195.117187
3349.275672	0.994604	136.425781	195.117187
3349.277671	1.108517	136.425781	195.117187
3349.279671	1.105033	12.155359	0.124832
3350.339758	0.940129	215.527344	-178.906250
3350.341760	1.104697	215.527344	-178.906250
3350.343760	1.101839	12.120230	0.146887
3351.359804	0.787810	143.750000	192.480469
3351.361807	1.074106	143.750000	192.480469
3351.363808	1.076362	143.750000	192.480469
3351.365806	1.099313	12.092438	0.121169
3352.426777	1.386386	221.875000	-177.343750
3352.428781	0.950166	221.875000	-177.343750
3352.430779	1.104235	221.875000	-177.343750
3352.432780	1.101064	12.111704	0.144535
3353.442821	0.361329	137.890625	191.699219
3353.444823	0.724251	137.890625	191.699219
3353.446823	1.043006	137.890625	191.699219
3353.448823	1.102819	137.890625	191.699219
3353.450825	1.099645	12.096098	0.119275
3354.516834	0.882698	219.824219	-175.000000
3354.518836	1.099823	219.824219	-175.000000
3354.520837	1.101404	219.824219	-175.000000
3354.522837	1.098994	12.088937	0.141537
3355.524899	0.366255	137.792969	192.285156
3355.526906	0.728972	137.792969	192.285156
3355.528910	1.046765	137.792969	192.285156
3355.530908	1.103327	137.792969	192.285156
3355.532909	1.100074	12.100812	0.121787
3356.602967	0.470944	243.554687	-176.171875
3356.604968	0.829154	243.554687	-176.171875
3356.606966	1.088123	243.554687	-176.171875
3356.608967	1.101654	243.554687	-176.171875
3356.610968	1.098907	12.087979	0.144760
3357.611012	0.501822	142.675781	193.164062
3357.613014	0.858884	142.675781	193.164062
3357.615014	1.095474	142.675781	193.164062
3357.617014	1.101357	142.675781	193.164062
3357.619013	1.098816	12.086978	0.117081
3358.691991	0.573253	268.554687	-179.296875
3358.693993	0.927688	268.554687	-179.296875
3358.695993	1.104370	268.554687	-179.296875
3358.697993	1.102007	12.122073	0.145373
3359.696016	0.619871	134.277344	192.382812
3359.698019	0.969209	134.277344	192.382812
3359.700018	1.104900	134.277344	192.382812
3359.702022	1.101431	12.115736	0.118606
3360.782072	0.951462	250.585937	-181.835937
3360.784072	1.104198	250.585937	-181.835937
3360.786072	1.100886	12.109746	0.141608
3361.780624	0.338579	136.328125	194.335937
3361.782625	0.702783	136.328125	194.335937
3361.784627	1.030371	136.328125	194.335937
3361.786627	1.103972	136.328125	194.335937
3361.788626	1.100625	12.106874	0.116067
3362.868703	0.542389	262.695312	-183.691406
3362.870706	0.898112	262.695312	-183.691406
3362.872711	1.101837	262.695312	-183.691406
3362.874713	1.101306	262.695312	-183.691406
3362.876713	1.098916	12.088077	0.143775
3363.868741	1.001501	135.742187	194.726562
3363.870741	1.103524	135.742187	194.726562
3363.872743	1.103385	12.137236	0.230695
3364.952786	0.350843	223.925781	-185.839844
3364.954788	0.714336	223.925781	-185.839844
3364.956789	1.037319	223.925781	-185.839844
3364.958788	1.103040	223.925781	-185.839844
3364.960787	1.099783	12.097612	0.143265
3365.952812	0.553714	136.816406	195.312500
3365.954815	0.908991	136.816406	195.312500
3365.956813	1.102449	136.816406	195.312500
3365.958814	1.101009	12.111102	0.110627
3367.042857	0.872147	248.828125	-187.011719
3367.044858	1.098362	248.828125	-187.011719
3367.046858	1.101761	248.828125	-187.011719
3367.048859	1.099251	12.091764	0.141742
3368.040915	0.984350	138.867187	195.410156
3368.044916	1.099969	138.867187	195.410156
3368.046917	1.097953	12.077486	0.126449
3369.127870	0.718707	239.648437	-188.574219
3369.129871	1.039724	239.648437	-188.574219
3369.131871	1.102796	239.648437	-188.574219
3369.133872	1.099474	12.094219	0.143535
3370.122452	0.397391	133.593750	195.117187
3370.124454	0.758552	133.593750	195.117187
3370.126454	1.061268	133.593750	195.117187
3370.128454	1.102806	133.593750	195.117187
3370.130453	1.099702	12.096718	0.118372
3371.212538	0.638132	246.777344	-189.257812
3371.214540	0.984166	246.777344	-189.257812
3371.216540	1.105231	246.777344	-189.257812
3371.218540	1.101742	12.119157	0.143583
3372.211117	0.576540	135.449219	194.335937
3372.213118	0.930663	135.449219	194.335937
3372.215118	1.104085	135.449219	194.335937
3372.217120	1.101494	12.116436	0.108072
3373.301146	0.973904	251.757812	-189.746094
3373.303149	1.104479	251.757812	-189.746094
3373.305148	1.100834	12.109169	0.141489
3374.301172	1.071499	139.355469	193.066406
3374.303175	1.101514	139.355469	193.066406
3374.305174	1.098640	12.085037	0.108219
3375.387194	0.918570	212.011719	-188.574219
3375.389195	1.103165	212.011719	-188.574219
3375.391198	1.101125	12.112377	0.144446
3376.383254	0.411847	134.960937	192.089844
3376.385255	0.772298	134.960937	192.089844
3376.387255	1.067386	134.960937	192.089844
3376.389254	1.102079	134.960937	192.089844
3376.391255	1.099047	12.089513	0.108159
3377.473334	0.875064	195.507812	-187.890625
3377.475336	1.098387	195.507812	-187.890625
3377.477336	1.099136	195.507812	-187.890625
3377.479336	1.098690	12.085587	0.139720
3378.469363	0.356142	134.960937	190.332031
3378.471366	0.719227	134.960937	190.332031
3378.473366	0.729381	134.960937	190.332031
3378.475366	1.102655	134.960937	190.332031
3378.477366	1.099348	12.092828	0.110472
3379.557416	0.690737	207.910156	-187.304687
3379.561412	1.103403	207.910156	-187.304687
3379.563416	1.099930	207.910156	-187.304687
3379.565415	1.098179	12.079968	0.145913
3380.559466	0.928544	137.695312	188.769531
3380.561467	1.103072	137.695312	188.769531
3380.563467	1.100386	12.104242	0.106351
3381.642015	0.643403	222.851562	-186.035156
3381.644017	0.988170	222.851562	-186.035156
3381.646017	1.104762	222.851562	-186.035156
3381.648017	1.101241	12.113653	0.183523
3382.646018	0.592953	138.867187	186.132812
3382.648020	0.945756	138.867187	186.132812
3382.650020	1.103602	138.867187	186.132812
3382.652019	1.100297	12.103267	0.110952
3383.726603	0.502692	232.812500	-185.351562
3383.728606	0.859722	232.812500	-185.351562
3383.730605	1.095616	232.812500	-185.351562
3383.732605	1.101174	232.812500	-185.351562
3383.734604	1.098621	12.084834	0.141743
3384.733170	0.637089	141.699219	183.691406
3384.735170	0.983250	141.699219	183.691406
3384.737172	1.104935	141.699219	183.691406
3384.739170	1.101381	12.115187	0.125364
3385.812110	0.891303	188.476562	-184.082031
3385.814108	1.102597	188.476562	-184.082031
3385.816108	1.103265	188.476562	-184.082031
3385.818108	1.100950	12.110454	0.138140
3386.820164	0.468007	142.480469	181.933594
3386.822166	0.826330	142.480469	181.933594
3386.824168	1.087269	142.480469	181.933594
3386.826166	1.101543	142.480469	181.933594
3386.828165	1.098786	12.086642	0.106748
3387.894180	0.438802	200.292969	-183.984375
3387.896182	0.798223	200.292969	-183.984375
3387.898184	1.078031	200.292969	-183.984375
3387.900182	1.101992	200.292969	-183.984375
3387.902182	1.099142	12.090559	0.138777
3388.910218	0.707973	135.351562	181.152344
3388.912219	1.033565	135.351562	181.152344
3388.914221	1.103775	135.351562	181.152344
3388.916220	1.100442	12.104862	0.107356
3389.978206	0.470582	190.722656	-184.570312
3389.980208	0.828763	190.722656	-184.570312
3389.982209	1.088202	190.722656	-184.570312
3389.984207	1.101975	190.722656	-184.570312
3389.986208	1.099256	12.091816	0.139414
3390.993750	1.967822	136.816406	181.738281
3390.998986	0.811063	136.816406	181.738281
3391.000990	1.082568	136.816406	181.738281
3391.002988	1.101933	136.816406	181.738281
3391.004988	1.101774	12.119511	0.111707
3392.063038	0.557528	205.859375	-187.011719
3392.065040	0.912593	205.859375	-187.011719
3392.067040	1.102955	205.859375	-187.011719
3392.069041	1.101286	12.114151	0.136587
3393.087085	0.750986	142.773437	182.714844
3393.089087	1.057505	142.773437	182.714844
3393.091087	1.102659	142.773437	182.714844
3393.093090	1.102510	12.127612	0.105816
3394.149660	0.916304	205.664062	-190.429687
3394.151661	1.102885	205.664062	-190.429687
3394.155660	1.098649	12.085135	0.136926
3395.172202	0.475330	140.527344	184.277344
3395.174203	0.833284	140.527344	184.277344
3395.176203	1.089287	140.527344	184.277344
3395.178203	1.101658	140.527344	184.277344
3395.182203	1.097454	12.071992	0.105505
3396.232269	0.515135	192.480469	-194.042969
3396.234271	0.871750	192.480469	-194.042969
3396.236269	1.097942	192.480469	-194.042969
3396.238270	1.101331	192.480469	-194.042969
3396.242268	1.097451	12.071957	0.138424
3397.262305	1.049346	141.308594	185.937500
3397.264308	1.102485	141.308594	185.937500
3397.266307	1.099387	12.093252	0.105400
3398.318336	0.502278	182.324219	-196.582031
3398.320340	0.859269	182.324219	-196.582031
3398.322339	1.095448	182.324219	-196.582031
3398.324345	1.101315	182.324219	-196.582031
3398.326349	1.098697	12.085667	0.137260
3399.344343	0.398776	139.355469	187.792969
3399.346343	0.759851	139.355469	187.792969
3399.348345	1.061970	139.355469	187.792969
3399.350346	1.102744	139.355469	187.792969
3399.352345	1.099686	12.096549	0.105962
3400.404362	0.433643	183.593750	-199.511719
3400.406366	0.793159	183.593750	-199.511719
3400.408365	1.075907	183.593750	-199.511719
3400.410364	1.101779	183.593750	-199.511719
3400.412365	1.098935	12.088290	0.138363
3401.432380	0.695502	137.890625	189.062500
3401.436380	1.102929	137.890625	189.062500
3401.438382	1.099545	137.890625	189.062500
3401.442381	1.096622	12.062846	0.103651
3402.492401	0.729974	203.027344	-202.441406
3402.494404	1.046001	203.027344	-202.441406
3402.496403	1.102369	203.027344	-202.441406
3402.498403	1.099117	12.090283	0.138754
3403.516403	0.591076	136.230469	190.332031
3403.518405	0.944137	136.230469	190.332031
3403.520404	1.104621	136.230469	190.332031
3403.522410	1.101559	12.117146	0.101477
3404.580459	0.839677	187.207031	-203.222656
3404.582459	1.090640	187.207031	-203.222656
3404.584461	1.101201	187.207031	-203.222656
3404.586460	1.098540	12.083939	0.134604
3405.603006	0.941889	141.699219	190.917969
3405.605008	1.104434	141.699219	190.917969
3405.607007	1.104470	12.149174	0.100753
3406.665961	0.634546	169.531250	-203.320312
3406.667963	0.981114	169.531250	-203.320312
3406.671961	1.101252	169.531250	-203.320312
3406.673964	1.101164	12.112803	0.143285
3407.686050	0.528691	134.472656	191.210937
3407.688052	0.884755	134.472656	191.210937
3407.690051	1.100775	134.472656	191.210937
3407.692051	1.102244	134.472656	191.210937
3407.694052	1.099715	12.096869	0.102184
3408.754105	0.808915	182.519531	-204.687500
3408.756107	1.081761	182.519531	-204.687500
3408.758107	1.101800	182.519531	-204.687500
3408.760109	1.098993	12.088919	0.136490
3409.772648	0.517875	138.281250	190.625000
3409.774648	0.874363	138.281250	190.625000
3409.776650	1.099159	138.281250	190.625000
3409.778649	1.102375	138.281250	190.625000
3409.780651	1.099800	12.097798	0.103842
3410.837184	0.297085	147.363281	-202.343750
3410.839188	0.663240	147.363281	-202.343750
3410.841189	1.003168	147.363281	-202.343750
3410.843187	1.104146	147.363281	-202.343750
3410.845188	1.100544	12.105988	0.141678
3411.861224	0.986495	140.234375	191.992187
3411.863225	1.103437	140.234375	191.992187
3411.865225	1.099871	12.098578	0.138894
3412.923750	1.831030	161.621094	-203.320312
3412.925753	0.738822	161.621094	-203.320312
3412.927755	1.050980	161.621094	-203.320312
3412.931754	1.099079	161.621094	-203.320312
3412.933754	1.097459	12.072046	0.137120
3413.943807	0.358929	134.667969	191.308594
3413.945809	0.721759	134.667969	191.308594
3413.949807	1.102364	134.667969	191.308594
3413.953807	1.097470	134.667969	191.308594
3413.955814	1.096404	12.060445	0.105036
3415.009848	0.556202	170.019531	-203.125000
3415.011848	0.911291	170.019531	-203.125000
3415.013850	1.102821	170.019531	-203.125000
3415.017847	1.098945	12.088396	0.135086
3416.031894	0.619150	136.914062	191.113281
3416.033896	0.968399	136.914062	191.113281
3416.035897	1.103692	136.914062	191.113281
3416.037896	1.100159	12.101752	0.099731
3417.095952	0.641856	180.859375	-203.515625
3417.097951	0.657897	180.859375	-203.515625
3417.099953	1.105306	180.859375	-203.515625
3417.101955	1.101801	12.119813	0.174983
3418.118884	0.633620	135.839844	188.964844
3418.120886	0.980352	135.839844	188.964844
3418.122886	1.104838	135.839844	188.964844
3418.124886	1.101277	12.114044	0.104175
3419.180959	0.667352	143.652344	-200.585937
3419.182963	1.005958	143.652344	-200.585937
3419.184963	1.103658	143.652344	-200.585937
3419.188963	1.098143	12.079578	0.268158
3420.205023	0.400994	140.234375	187.304687
3420.207026	0.761970	140.234375	187.304687
3420.209025	1.062363	140.234375	187.304687
3420.211024	1.101640	140.234375	187.304687
3420.215023	1.097128	12.068413	0.101128
3421.267575	0.797148	140.332031	-199.218750
3421.269576	1.077311	140.332031	-199.218750
3421.273574	1.098779	140.332031	-199.218750
3421.275575	1.097262	12.069882	0.131777
3422.291574	0.428839	139.941406	185.546875
3422.293577	0.788493	139.941406	185.546875
3422.295576	1.073989	139.941406	185.546875
3422.297576	1.101439	139.941406	185.546875
3422.299576	1.098662	12.085277	0.098958
3423.352107	0.552368	186.425781	-199.511719
3423.354109	0.907618	186.425781	-199.511719
3423.356109	1.102062	186.425781	-199.511719
3423.358109	1.100692	12.107610	0.136653
3424.378674	0.600868	137.500000	183.789062
3424.380675	0.952827	137.500000	183.789062
3424.382676	1.104746	137.500000	183.789062
3424.384677	1.101486	12.116348	0.098100
3425.438721	0.683659	190.234375	-197.753906
3425.442723	1.102708	190.234375	-197.753906
3425.444723	1.099238	190.234375	-197.753906
3425.446725	1.097516	12.072674	0.343020
3426.464711	1.827739	138.671875	180.664062
3426.466714	1.010749	138.671875	180.664062
3426.468713	1.104118	138.671875	180.664062
3426.472711	1.098629	12.084922	0.268937
3427.522796	0.355979	159.277344	-192.480469
3427.524799	0.719120	159.277344	-192.480469
3427.526799	1.040133	159.277344	-192.480469
3427.528799	1.103379	159.277344	-192.480469
3427.530803	1.100078	12.100857	0.138567
3428.544867	0.282355	140.722656	178.417969
3428.546867	0.649245	140.722656	178.417969
3428.548871	0.993437	140.722656	178.417969
3428.550871	1.105480	140.722656	178.417969
3428.552872	1.101968	12.121647	0.100613
3429.615384	0.826250	154.882812	-189.257812
3429.617387	1.086952	154.882812	-189.257812
3429.619389	1.101155	154.882812	-189.257812
3429.623392	1.097065	12.067720	0.126041
3430.631444	0.314215	135.449219	176.660156
3430.633444	0.679444	135.449219	176.660156
3430.637444	1.103085	135.449219	176.660156
3430.639448	1.099555	135.449219	176.660156
3430.641445	1.097791	12.075697	0.096641
3431.701562	0.693276	161.816406	-188.085937
3431.703565	1.023774	161.816406	-188.085937
3431.705565	1.102929	161.816406	-188.085937
3431.707565	1.102741	12.130147	0.380262
3432.719616	0.951562	133.105469	175.488281
3432.721618	1.104135	133.105469	175.488281
3432.723617	1.100821	12.109027	0.094656
3433.787658	0.640201	166.406250	-187.109375
3433.789663	0.985763	166.406250	-187.109375
3433.791670	1.105067	166.406250	-187.109375
3433.793667	1.101551	12.117065	0.131794
3434.801748	0.653176	133.886719	174.902344
3434.803748	0.996424	133.886719	174.902344
3434.805749	1.108497	133.886719	174.902344
3434.807749	1.104979	12.154765	0.101529
3435.875788	0.579125	204.492187	-188.476562
3435.877790	0.933081	204.492187	-188.476562
3435.879790	1.103840	204.492187	-188.476562
3435.881790	1.101039	12.111429	0.132135
3436.886764	0.588097	135.644531	175.390625
3436.888764	0.941408	135.644531	175.390625
3436.890765	1.104593	135.644531	175.390625
3436.894765	1.099279	12.092073	0.095294
3437.962780	0.459049	182.031250	-188.085937
3437.964781	0.817604	182.031250	-188.085937
3437.966782	1.084248	182.031250	-188.085937
3437.968781	1.101141	182.031250	-188.085937
3437.970781	1.098444	12.082884	0.128310
3438.970850	0.678882	132.226562	176.269531
3438.972849	1.014124	132.226562	176.269531
3438.974852	1.103335	132.226562	176.269531
3438.976850	1.099779	12.097569	0.286341
3440.050960	0.501887	166.503906	-187.792969
3440.052964	0.858933	166.503906	-187.792969
3440.054963	1.095156	166.503906	-187.792969
3440.056962	1.100921	166.503906	-187.792969
3440.058963	1.098473	12.083202	0.128341
3441.054977	0.454028	138.867187	176.757812
3441.056977	0.812694	138.867187	176.757812
3441.058976	0.820153	138.867187	176.757812
3441.060978	1.101542	138.867187	176.757812
3441.062979	1.098811	12.086916	0.094876
3442.135951	0.662735	170.312500	-189.355469
3442.137951	1.002715	170.312500	-189.355469
3442.139951	1.103704	170.312500	-189.355469
3442.141951	1.100050	12.100555	0.251364
3443.143986	0.958709	137.695312	178.417969
3443.145987	1.104010	137.695312	178.417969
3443.147987	1.100532	12.105855	0.091169
3444.222563	0.377828	177.734375	-189.941406
3444.224565	0.739859	177.734375	-189.941406
3444.228562	1.102469	177.734375	-189.941406
3444.230563	1.099325	177.734375	-189.941406
3444.232565	1.097684	12.074527	0.130888
3445.226605	0.520367	132.324219	180.078125
3445.228607	0.876732	132.324219	180.078125
3445.230605	1.098575	132.324219	180.078125
3445.232609	1.101015	132.324219	180.078125
3445.234609	1.098528	12.083806	0.094016
3446.308604	0.306498	190.039062	-191.308594
3446.310605	0.672093	190.039062	-191.308594
3446.312607	1.009976	190.039062	-191.308594
3446.314605	1.105596	190.039062	-191.308594
3446.316605	1.102222	12.124439	0.130553
3447.314629	0.842400	135.449219	179.785156
3447.316632	1.104004	135.449219	179.785156
3447.318632	1.100918	12.110100	0.092268
3448.395267	0.407057	204.492187	-193.066406
3448.399267	1.065049	204.492187	-193.066406
3448.401268	1.101784	204.492187	-193.066406
3448.403268	1.098827	12.087102	0.127354
3449.399850	0.690007	132.031250	180.273437
3449.401853	1.021842	132.031250	180.273437
3449.405851	1.099787	132.031250	180.273437
3449.407852	1.097914	12.077052	0.337842
3450.481914	0.453826	197.265625	-192.871094
3450.483918	0.812465	197.265625	-192.871094
3450.485919	1.082825	197.265625	-192.871094
3450.489915	1.098729	197.265625	-192.871094
3450.491917	1.097319	12.070504	0.132808
3451.484473	0.464523	133.203125	179.492187
3451.486476	0.822782	133.203125	179.492187
3451.488476	1.085967	133.203125	179.492187
3451.490475	1.101365	133.203125	179.492187
3451.492475	1.098639	12.085030	0.092450
3452.568520	0.581693	187.500000	-191.894531
3452.570523	0.935399	187.500000	-191.894531
3452.572523	1.103481	187.500000	-191.894531
3452.574523	1.100597	12.106564	0.126629
3453.570552	0.453353	136.523437	179.296875
3453.572554	0.811995	136.523437	179.296875
3453.576554	1.101956	136.523437	179.296875
3453.578555	1.099143	136.523437	179.296875
3453.580555	1.097667	12.074341	0.092004
3454.655146	0.715639	190.429687	-191.406250
3454.657149	1.037588	190.429687	-191.406250
3454.659148	1.102119	190.429687	-191.406250
3454.661147	1.098871	12.087581	0.127198
3455.659711	0.939544	128.515625	179.101562
3455.661713	1.103146	128.515625	179.101562
3455.663713	1.100032	12.100351	0.091010
3456.739751	0.620912	168.554687	-189.648437
3456.741752	0.969799	168.554687	-189.648437
3456.743751	1.104174	168.554687	-189.648437
3456.745755	1.100710	12.107813	0.125887
3457.743779	0.529322	129.687500	178.417969
3457.745781	0.885333	129.687500	178.417969
3457.747779	1.100029	129.687500	178.417969
3457.751779	1.098823	129.687500	178.417969
3457.753780	1.097455	12.072009	0.094423
3458.825812	0.607104	187.597656	-189.746094
3458.827813	0.958230	187.597656	-189.746094
3458.829813	1.104074	187.597656	-189.746094
3458.831813	1.100598	12.106582	0.124396
3459.829857	0.377342	133.691406	176.562500
3459.831857	0.739316	133.691406	176.562500
3459.833858	1.051140	133.691406	176.562500
3459.835858	1.102142	133.691406	176.562500
3459.837859	1.099033	12.089361	0.091897
3460.909915	0.472346	176.269531	-187.890625
3460.911918	0.830424	176.269531	-187.890625
3460.913918	1.088507	176.269531	-187.890625
3460.915918	1.101641	176.269531	-187.890625
3460.917917	1.098960	12.088564	0.126563
3461.917967	0.550471	135.546875	175.292969
3461.919968	0.905775	135.546875	175.292969
3461.921970	1.101617	135.546875	175.292969
3461.923969	1.100224	12.102460	0.090559
3462.994029	0.428470	180.078125	-187.597656
3462.996031	0.788089	180.078125	-187.597656
3462.998029	0.796441	180.078125	-187.597656
3463.000031	1.101518	180.078125	-187.597656
3463.002031	1.098638	12.085020	0.126478
3464.006075	0.580582	138.867187	174.023437
3464.008076	0.934385	138.867187	174.023437
3464.010081	1.104259	138.867187	174.023437
3464.012078	1.101470	12.116171	0.089916
3465.078098	0.372559	166.699219	-186.816406
3465.082098	1.048660	166.699219	-186.816406
3465.084099	1.102296	166.699219	-186.816406
3465.086098	1.099051	12.089557	0.126951
3466.094161	0.698575	138.574219	174.218750
3466.096163	1.026998	138.574219	174.218750
3466.098163	1.102448	138.574219	174.218750
3466.100161	1.099076	12.089840	0.093028
3467.162701	0.420347	174.804687	-187.500000
3467.164701	0.780351	174.804687	-187.500000
3467.166703	1.070517	174.804687	-187.500000
3467.168702	1.101528	174.804687	-187.500000
3467.172701	1.097053	12.067578	0.126213
3468.180735	0.406460	133.984375	176.367187
3468.182736	0.767032	133.984375	176.367187
3468.184736	1.064915	133.984375	176.367187
3468.186735	1.102061	133.984375	176.367187
3468.188736	1.099030	12.089326	0.092031
3469.248778	0.911288	184.277344	-189.160156
3469.250778	1.103981	184.277344	-189.160156
3469.252780	1.102597	12.128570	0.127154
3470.269360	0.713223	131.933594	177.832031
3470.271362	1.036409	131.933594	177.832031
3470.273361	1.102782	131.933594	177.832031
3470.275361	1.102634	12.128976	0.092491
3471.335398	1.086629	182.519531	-190.625000
3471.337399	1.101394	182.519531	-190.625000
3471.339400	1.098661	12.085268	0.122411
3472.355962	0.476568	139.453125	178.613281
3472.357965	0.489407	139.453125	178.613281
3472.359964	1.088961	139.453125	178.613281
3472.361964	1.100711	139.453125	178.613281
3472.363963	1.098158	12.079738	0.089628
3473.418567	0.876297	172.460937	-192.773437
3473.420569	1.098570	172.460937	-192.773437
3473.422571	1.101132	172.460937	-192.773437
3473.424569	1.098656	12.085214	0.125213
3474.443120	0.657225	134.667969	181.250000
3474.445122	0.998541	134.667969	181.250000
3474.447124	1.103993	134.667969	181.250000
3474.449124	1.100398	12.104375	0.200704
3475.505184	0.994401	169.433594	-196.093750
3475.507186	1.103702	169.433594	-196.093750
3475.509187	1.100139	12.101530	0.195011
3476.529755	0.654664	139.257812	181.738281
3476.531753	0.996848	139.257812	181.738281
3476.533755	1.104628	139.257812	181.738281
3476.537752	1.098943	12.088369	0.185439
3477.586705	0.363044	137.011719	-195.898437
3477.588706	0.725806	137.011719	-195.898437
3477.590709	1.043626	137.011719	-195.898437
3477.592708	1.102256	137.011719	-195.898437
3477.594708	1.099021	12.089230	0.125794
3478.616766	0.898134	139.941406	183.007812
3478.618769	1.102042	139.941406	183.007812
3478.620767	1.101708	139.941406	183.007812
3478.622768	1.099238	12.091622	0.092769
3479.677710	1.025315	124.121094	-195.898437
3479.679711	1.103271	124.121094	-195.898437
3479.681711	1.099772	12.097489	0.386759
3480.699738	0.517599	139.648437	184.667969
3480.701740	0.874020	139.648437	184.667969
3480.703739	1.097838	139.648437	184.667969
3480.705741	1.100711	139.648437	184.667969
3480.709737	1.096893	12.065824	0.089806
3481.760295	0.462305	143.750000	-200.195312
3481.762297	0.820670	143.750000	-200.195312
3481.764298	1.085461	143.750000	-200.195312
3481.766295	1.101496	143.750000	-200.195312
3481.768297	1.098757	12.086322	0.122257
3482.788342	1.022646	131.933594	186.914062
3482.790346	1.103250	131.933594	186.914062
3482.792345	1.099706	12.096763	0.340775
3483.848422	0.726298	154.687500	-201.660156
3483.850430	1.044006	154.687500	-201.660156
3483.854435	1.099165	154.687500	-201.660156
3483.856435	1.097483	12.072310	0.515466
3484.873026	0.921486	136.328125	186.718750
3484.877026	1.099797	136.328125	186.718750
3484.879026	1.097633	12.073959	0.089778
3485.935629	0.868108	136.816406	-201.367187
3485.937630	1.096890	136.816406	-201.367187
3485.939629	1.100640	136.816406	-201.367187
3485.941630	1.098269	12.080960	0.123013
3486.957677	0.705616	137.695312	187.304687
3486.959679	1.031645	137.695312	187.304687
3486.961678	1.102625	137.695312	187.304687
3486.963679	1.099267	12.091941	0.091705
3488.020266	0.508598	126.171875	-200.878906
3488.022267	0.865238	126.171875	-200.878906
3488.024267	1.096999	126.171875	-200.878906
3488.026268	1.101796	126.171875	-200.878906
3488.028266	1.099196	12.091161	0.122924
3489.042378	0.445740	133.691406	187.988281
3489.044380	0.804689	133.691406	187.988281
3489.046378	1.079886	133.691406	187.988281
3489.048380	1.101283	133.691406	187.988281
3489.050380	1.098582	12.084400	0.090560
3490.106418	0.601554	160.546875	-203.906250
3490.108420	0.953273	160.546875	-203.906250
3490.110420	1.103587	160.546875	-203.906250
3490.114418	1.098060	12.078666	0.123223
3491.128963	0.709692	130.468750	188.183594
3491.130965	1.034200	130.468750	188.183594
3491.132965	1.102724	130.468750	188.183594
3491.134967	1.102537	12.127905	0.414635
3492.192993	0.726371	156.738281	-202.929687
3492.194995	1.043925	156.738281	-202.929687
3492.196996	1.102209	156.738281	-202.929687
3492.198995	1.099089	12.089974	0.123392
3493.213537	0.330932	133.886719	187.792969
3493.215539	0.695242	133.886719	187.792969
3493.217540	1.024983	133.886719	187.792969
3493.219539	1.102772	133.886719	187.792969
3493.221538	1.099234	12.091578	0.090551
3494.279552	0.889327	154.003906	-202.148437
3494.281554	1.100746	154.003906	-202.148437
3494.283556	1.101461	154.003906	-202.148437
3494.285555	1.098937	12.088307	0.120991
3495.304131	1.043926	135.937500	186.718750
3495.306133	1.047806	135.937500	186.718750
3495.308134	1.099064	12.089708	0.491519
3496.362749	0.500344	135.644531	-199.804687
3496.364759	0.857378	135.644531	-199.804687
3496.366763	1.095207	135.644531	-199.804687
3496.370762	1.098307	135.644531	-199.804687
3496.372763	1.096925	12.066177	0.121601
3497.386798	0.415604	134.765625	186.230469
3497.388799	0.775788	134.765625	186.230469
3497.390800	1.068695	134.765625	186.230469
3497.392800	1.101817	134.765625	186.230469
3497.394801	1.098896	12.087855	0.090136
3498.450897	1.016594	149.218750	-199.707031
3498.452899	1.103109	149.218750	-199.707031
3498.454898	1.099569	12.095256	0.320861
3499.472949	0.367556	135.839844	185.449219
3499.474952	0.729965	135.839844	185.449219
3499.476950	1.045971	135.839844	185.449219
3499.478952	1.102323	135.839844	185.449219
3499.480951	1.099054	12.089592	0.090663
3500.535028	0.680367	151.953125	-197.753906
3500.537031	1.014969	151.953125	-197.753906
3500.539038	1.102768	151.953125	-197.753906
3500.541041	1.099182	12.091002	0.319358
3501.559078	0.364158	134.960937	184.570312
3501.561085	0.726795	134.960937	184.570312
3501.563088	1.044950	134.960937	184.570312
3501.565088	1.102191	134.960937	184.570312
3501.567090	1.099015	12.089168	0.090464
3502.621145	0.858601	158.789062	-195.898437
3502.623145	1.094983	158.789062	-195.898437
3502.625144	1.100781	158.789062	-195.898437
3502.627146	1.098293	12.081226	0.121580
3503.645702	0.455700	132.128906	183.007812
3503.647705	0.814283	132.128906	183.007812
3503.649705	1.083451	132.128906	183.007812
3503.651709	1.101668	132.128906	183.007812
3503.653708	1.098976	12.088741	0.090023
3504.707734	0.847484	151.269531	-193.261719
3504.709735	1.092721	151.269531	-193.261719
3504.711737	1.101149	151.269531	-193.261719
3504.713735	1.098653	12.085188	0.118787
3505.733794	0.937780	136.523437	179.980469
3505.735797	1.103233	136.523437	179.980469
3505.737796	1.100227	12.102495	0.086793
3506.794320	0.878988	134.277344	-188.378906
3506.796320	1.098499	134.277344	-188.378906
3506.798321	1.100397	134.277344	-188.378906
3506.800319	1.098067	12.078736	0.119314
3507.816367	0.345669	136.914062	178.808594
3507.818369	0.709237	136.914062	178.808594
3507.820369	1.033727	136.914062	178.808594
3507.822370	1.102248	136.914062	178.808594
3507.824371	1.102157	12.123722	0.089398
3508.878927	0.468951	155.566406	-187.304687
3508.882927	1.087251	155.566406	-187.304687
3508.884928	1.101377	155.566406	-187.304687
3508.888928	1.097233	12.069564	0.120568
3509.900989	0.396078	132.812500	178.613281
3509.902989	0.757174	132.812500	178.613281
3509.904989	1.060187	132.812500	178.613281
3509.906989	1.101854	132.812500	178.613281
3509.908989	1.098848	12.087333	0.089088
3510.967059	0.688443	139.160156	-183.398437
3510.969061	1.020488	139.160156	-183.398437
3510.971059	1.102721	139.160156	-183.398437
3510.973060	1.099412	12.093536	0.120536
3511.987073	0.524875	137.500000	176.562500
3511.991075	1.098686	137.500000	176.562500
3511.993074	1.100322	137.500000	176.562500
3511.995074	1.098003	12.078036	0.085973
3513.051613	0.304100	150.097656	-182.617187
3513.053615	0.320334	150.097656	-182.617187
3513.055614	1.007645	150.097656	-182.617187
3513.057616	1.103353	150.097656	-182.617187
3513.059613	1.099762	12.097383	0.121839
3514.071644	0.610521	131.542969	177.441406
3514.073645	0.961148	131.542969	177.441406
3514.075646	1.104805	131.542969	177.441406
3514.077646	1.101410	12.115506	0.086147
3515.139653	0.463495	199.609375	-185.253906
3515.141656	0.821802	199.609375	-185.253906
3515.143655	1.085851	199.609375	-185.253906
3515.145657	1.101605	199.609375	-185.253906
3515.149655	1.097397	12.071362	0.125104
3516.155712	0.418269	132.128906	177.539062
3516.157713	0.778432	132.128906	177.539062
3516.159712	1.070010	132.128906	177.539062
3516.161713	1.101930	132.128906	177.539062
3516.163713	1.099096	12.090054	0.087811
3517.227753	0.633838	199.804687	-184.960937
3517.229755	0.980558	199.804687	-184.960937
3517.231755	1.104576	199.804687	-184.960937
3517.233755	1.101044	12.111482	0.121686
3518.242722	0.848921	129.785156	177.539062
3518.244727	1.092961	129.785156	177.539062
3518.246725	1.101109	129.785156	177.539062
3518.248724	1.098516	12.083673	0.085991
3519.314755	0.602210	157.226562	-182.128906
3519.316757	0.953944	157.226562	-182.128906
3519.318757	1.105224	157.226562	-182.128906
3519.320758	1.101961	12.121576	0.120827
3520.324776	0.339431	131.250000	178.027344
3520.326776	0.703243	131.250000	178.027344
3520.328776	1.029970	131.250000	178.027344
3520.330776	1.102031	131.250000	178.027344
3520.332777	1.098722	12.085941	0.086718
3521.400864	0.362925	168.164062	-182.324219
3521.402865	0.725625	168.164062	-182.324219
3521.404866	1.043527	168.164062	-182.324219
3521.406865	1.101993	168.164062	-182.324219
3521.408865	1.098765	12.086411	0.123009
3522.410895	0.479471	135.449219	178.417969
3522.412898	0.837166	135.449219	178.417969
3522.414897	1.089712	135.449219	178.417969
3522.416898	1.100577	135.449219	178.417969
3522.418897	1.098011	12.078125	0.086354
3523.487425	0.346380	186.816406	-183.593750
3523.489428	0.709853	186.816406	-183.593750
3523.491427	1.034167	186.816406	-183.593750
3523.493428	1.102287	186.816406	-183.593750
3523.495426	1.098916	12.088077	0.120778
3524.497956	0.781084	130.859375	179.492187
3524.499956	1.070876	130.859375	179.492187
3524.501957	1.101505	130.859375	179.492187
3524.503958	1.098615	12.084763	0.086044
3525.573985	0.470264	192.773437	-184.570312
3525.575985	0.828279	192.773437	-184.570312
3525.577985	1.087342	192.773437	-184.570312
3525.581984	1.098238	192.773437	-184.570312
3525.583986	1.096706	12.063767	0.118908
3526.582919	0.614439	134.179687	178.613281
3526.584920	0.964377	134.179687	178.613281
3526.586922	1.103981	134.179687	178.613281
3526.588921	1.100333	12.103665	0.082297
3527.665487	1.103348	178.417969	-184.179687
3527.667491	1.099664	12.096301	0.117734
3528.668039	0.477746	128.320312	180.175781
3528.670041	0.835419	128.320312	180.175781
3528.672041	1.089645	128.320312	180.175781
3528.674041	1.101344	128.320312	180.175781
3528.676048	1.098653	12.085178	0.084710
3529.746071	0.433986	193.359375	-184.863281
3529.748074	0.793254	193.359375	-184.863281
3529.750072	1.076225	193.359375	-184.863281
3529.752072	1.102177	193.359375	-184.863281
3529.754073	1.099354	12.092898	0.119326
3530.755035	0.631822	129.394531	179.687500
3530.757037	0.978983	129.394531	179.687500
3530.759038	1.105414	129.394531	179.687500
3530.761039	1.101898	12.120876	0.084595
3531.833076	0.635227	171.972656	-182.812500
3531.835079	0.981661	171.972656	-182.812500
3531.837078	1.104941	171.972656	-182.812500
3531.839080	1.101445	12.115896	0.126870
3532.841124	0.667021	128.906250	180.371094
3532.843133	1.005771	128.906250	180.371094
3532.845137	1.103796	128.906250	180.371094
3532.847141	1.100114	12.101255	0.232788
3533.917209	0.457263	171.679687	-181.933594
3533.919211	0.815612	171.679687	-181.933594
3533.921212	1.083381	171.679687	-181.933594
3533.923211	1.100829	171.679687	-181.933594
3533.925211	1.098160	12.079755	0.121591
3534.927233	0.568436	130.566406	180.078125
3534.929235	0.583655	130.566406	180.078125
3534.931234	1.102916	130.566406	180.078125
3534.933236	1.100489	12.105376	0.084013
3536.003294	0.446419	179.785156	-181.640625
3536.005294	0.805281	179.785156	-181.640625
3536.007297	1.080313	179.785156	-181.640625
3536.009297	1.101203	179.785156	-181.640625
3536.011297	1.098515	12.083664	0.119357
3537.013381	0.382762	134.472656	179.589844
3537.015381	0.744411	134.472656	179.589844
3537.017381	1.053612	134.472656	179.589844
3537.021381	1.098682	134.472656	179.589844
3537.023382	1.097115	12.068270	0.085136
3538.087961	0.502873	153.613281	-178.515625
3538.089961	0.859765	153.613281	-178.515625
3538.091967	1.095169	153.613281	-178.515625
3538.093964	1.100783	153.613281	-178.515625
3538.095964	1.098414	12.082556	0.119262
3539.102029	0.743136	135.253906	179.492187
3539.104032	1.053047	135.253906	179.492187
3539.106033	1.101920	135.253906	179.492187
3539.108036	1.098924	12.088165	0.557019
3540.177017	1.061267	179.882812	-180.468750
3540.179018	1.102107	179.882812	-180.468750
3540.183016	1.097512	12.072631	0.657247
3541.189614	0.862471	128.222656	180.664062
3541.191617	1.096007	128.222656	180.664062
3541.193615	1.101243	128.222656	180.664062
3541.195616	1.098769	12.086464	0.084136
3542.257646	0.403431	161.523437	-179.101562
3542.259648	0.764210	161.523437	-179.101562
3542.261647	1.063344	161.523437	-179.101562
3542.263649	1.101472	161.523437	-179.101562
3542.265648	1.098508	12.083584	0.119082
3543.275693	0.669866	129.687500	180.761719
3543.279694	1.103388	129.687500	180.761719
3543.281695	1.099617	129.687500	180.761719
3543.283694	1.097857	12.076423	0.088919
3544.343772	0.631448	167.773437	-180.078125
3544.345773	0.978448	167.773437	-180.078125
3544.347775	1.104288	167.773437	-180.078125
3544.349774	1.104211	12.146320	0.114936
3545.361805	0.479334	134.277344	180.371094
3545.363807	0.836934	134.277344	180.371094
3545.365805	1.089809	134.277344	180.371094
3545.367805	1.100958	134.277344	180.371094
3545.369804	1.098305	12.081360	0.084576
3546.426389	0.363132	191.308594	-183.007812
3546.428391	0.725862	191.308594	-183.007812
3546.430398	1.043569	191.308594	-183.007812
3546.432402	1.101948	191.308594	-183.007812
3546.434408	1.098749	12.086242	0.123137
3547.448439	0.381584	131.933594	182.226562
3547.450439	0.743256	131.933594	182.226562
3547.452440	1.053021	131.933594	182.226562
3547.454439	1.101715	131.933594	182.226562
3547.456440	1.098666	12.085329	0.086946
3548.512465	0.538262	139.746094	-180.273437
3548.514485	0.893832	139.746094	-180.273437
3548.516485	1.100750	139.746094	-180.273437
3548.518486	1.100374	139.746094	-180.273437
3548.520486	1.098110	12.079206	0.117847
3549.538512	0.942910	135.937500	182.617187
3549.540514	1.103406	135.937500	182.617187
3549.542512	1.100128	12.101406	0.082856
3550.599074	0.804535	166.015625	-184.765625
3550.603072	1.100824	166.015625	-184.765625
3550.605074	1.098159	166.015625	-184.765625
3550.607074	1.096648	12.063130	0.118492
3551.621615	2.082688	137.109375	183.496094
3551.623617	0.719337	137.109375	183.496094
3551.625618	1.040084	137.109375	183.496094
3551.627623	1.102939	137.109375	183.496094
3551.629621	1.099553	12.095079	0.089656
3552.685634	1.031446	128.710937	-183.496094
3552.687635	1.102365	128.710937	-183.496094
3552.689636	1.099034	12.089371	0.424347
3553.711678	0.963117	134.472656	185.839844
3553.713681	1.103305	134.472656	185.839844
3553.715682	1.099747	12.097214	0.083550
3554.770221	0.829843	168.066406	-189.257812
3554.772222	1.087870	168.066406	-189.257812
3554.774221	1.100966	168.066406	-189.257812
3554.776224	1.098384	12.082219	0.117711
3555.794751	0.370524	128.710937	189.062500
3555.796752	0.732809	128.710937	189.062500
3555.798753	1.047437	128.710937	189.062500
3555.800751	1.101969	128.710937	189.062500
3555.802751	1.098923	12.088149	0.086981
3556.854819	0.552893	148.730469	-189.648437
3556.856820	0.907923	148.730469	-189.648437
3556.858818	1.101636	148.730469	-189.648437
3556.860819	1.100213	12.102345	0.114708
3557.882844	0.469006	136.132812	188.183594
3557.884846	1.082837	136.132812	188.183594
3557.886848	1.100802	136.132812	188.183594
3557.888848	1.098200	12.080198	0.088136
3558.941789	0.746432	156.640625	-191.894531
3558.943792	1.054712	156.640625	-191.894531
3558.945792	1.101844	156.640625	-191.894531
3558.947792	1.098768	12.086447	0.596762
