time (s)	coil I (A)	last det (V)	int current (uC)
433876.505363	0.688956	217.187500	42.480469
433876.507366	0.929574	217.187500	42.480469
433876.509366	0.935422	217.187500	42.480469
433876.511364	0.933084	10.263922	0.345897
433877.519895	0.460580	94.628906	-566.503906
433877.521896	0.813955	94.628906	-566.503906
433877.523896	0.938451	94.628906	-566.503906
433877.525895	0.935360	10.288959	0.115871
433878.571945	0.934408	223.437500	46.777344
433878.573947	0.934500	10.279503	0.165442
433879.618009	0.634422	96.484375	-562.988281
433879.622009	0.935501	96.484375	-562.988281
433879.624010	0.932896	96.484375	-562.988281
433879.626012	0.931528	10.246809	0.103521
433880.666626	0.639510	226.367187	47.070312
433880.668628	0.916158	226.367187	47.070312
433880.670627	0.935242	226.367187	47.070312
433880.672628	0.932754	10.260298	0.184114
433881.683156	0.770357	118.457031	-525.683594
433881.685158	0.936842	118.457031	-525.683594
433881.687159	0.934308	10.277393	0.173101
433882.765206	0.868124	226.367187	46.093750
433882.767208	0.935724	226.367187	46.093750
433882.769208	0.932670	10.259367	0.143987
433883.780175	0.744787	122.070312	-523.242187
433883.782177	0.936634	122.070312	-523.242187
433883.784177	0.935310	10.288408	0.598961
433884.864231	0.936063	225.683594	44.726562
433884.868233	0.931240	225.683594	44.726562
433884.870232	0.930309	10.233401	0.134267
433885.876262	0.555878	107.910156	-548.828125
433885.878263	0.879100	107.910156	-548.828125
433885.880263	0.936079	107.910156	-548.828125
433885.882264	0.933163	10.264791	0.145793
433886.958316	0.682339	221.191406	41.210937
433886.960318	0.927536	221.191406	41.210937
433886.962318	0.928977	221.191406	41.210937
433886.964318	0.932297	10.255264	0.119614
433887.972384	0.366638	100.097656	-563.769531
433887.974388	0.729712	100.097656	-563.769531
433887.976386	0.934719	100.097656	-563.769531
433887.978386	0.934439	10.278829	0.135034
433889.056434	0.842586	220.605469	40.527344
433889.058436	0.938256	220.605469	40.527344
433889.060436	0.935266	10.287930	0.104136
433890.072940	0.910189	87.792969	-587.695312
433890.074940	0.935236	87.792969	-587.695312
433890.076941	0.935159	10.286752	0.112401
433891.118970	0.521132	228.027344	41.894531
433891.120970	0.857960	228.027344	41.894531
433891.122972	0.862735	228.027344	41.894531
433891.124973	0.933680	10.270481	0.183402
433892.171017	0.936782	99.218750	-564.160156
433892.173020	0.933902	99.218750	-564.160156
433892.175019	0.931871	10.250585	0.102887
433893.215973	0.495435	228.027344	39.843750
433893.217975	0.840465	228.027344	39.843750
433893.219975	0.937589	228.027344	39.843750
433893.221975	0.937430	10.311726	0.157941
433894.264047	0.403817	84.960937	-591.699219
433894.266052	0.764382	84.960937	-591.699219
433894.268051	0.936833	84.960937	-591.699219
433894.270052	0.934561	10.280168	0.103451
433895.314131	0.677640	229.296875	39.843750
433895.316134	0.926668	229.296875	39.843750
433895.318133	0.934893	229.296875	39.843750
433895.320133	0.932535	10.257887	0.145639
433896.328756	0.462737	116.503906	-535.253906
433896.330757	0.815230	116.503906	-535.253906
433896.332757	0.937770	116.503906	-535.253906
433896.334756	0.934780	10.282578	0.163198
433897.410821	0.592431	224.609375	38.378906
433897.412822	0.897814	224.609375	38.378906
433897.414822	0.935485	224.609375	38.378906
433897.416822	0.932800	10.260803	0.132479
433898.426849	0.632904	111.035156	-547.265625
433898.428851	0.914083	111.035156	-547.265625
433898.430851	0.935576	111.035156	-547.265625
433898.432852	0.933044	10.263479	0.154488
433899.506901	0.398234	221.679687	38.378906
433899.508901	0.759223	221.679687	38.378906
433899.510901	0.936711	221.679687	38.378906
433899.512901	0.934670	10.281372	0.127045
433900.522925	0.439026	103.906250	-563.085937
433900.524928	0.472705	103.906250	-563.085937
433900.526924	0.938131	103.906250	-563.085937
433900.528926	0.935181	10.286991	0.139195
433901.609013	0.935088	220.019531	38.281250
433901.611016	0.932360	220.019531	38.281250
433901.613016	0.930891	10.239799	0.113243
433902.623583	0.932044	99.218750	-580.859375
433902.625583	0.934180	99.218750	-580.859375
433902.627583	0.931931	10.251241	0.129489
433903.701627	0.476811	217.382812	39.062500
433903.703628	0.826462	217.382812	39.062500
433903.705627	0.937785	217.382812	39.062500
433903.709626	0.934667	10.281337	0.105088
433904.717708	0.524876	96.386719	-591.308594
433904.719710	0.859883	96.386719	-591.308594
433904.721711	0.935014	96.386719	-591.308594
433904.723710	0.932006	10.252065	0.114119
433905.765792	0.437337	226.562500	45.507812
433905.767794	0.794036	226.562500	45.507812
433905.769794	0.937715	226.562500	45.507812
433905.771794	0.934826	10.283092	0.159600
433906.815850	0.703118	104.882812	-575.878906
433906.817849	0.931221	104.882812	-575.878906
433906.819850	0.934350	104.882812	-575.878906
433906.821851	0.932008	10.252090	0.396074
433907.865905	0.905362	229.589844	45.605469
433907.867905	0.935909	229.589844	45.605469
433907.869905	0.933310	10.266413	0.158671
433908.912911	0.687505	95.312500	-593.750000
433908.914914	0.928367	95.312500	-593.750000
433908.916918	0.934223	95.312500	-593.750000
433908.920919	0.930730	10.238027	0.315380
433909.961473	0.686071	226.367187	43.554687
433909.963473	0.927867	226.367187	43.554687
433909.965475	0.934093	226.367187	43.554687
433909.967474	0.931759	10.249353	0.351397
433910.976416	0.530809	119.433594	-546.484375
433910.978417	0.863656	119.433594	-546.484375
433910.980417	0.935256	119.433594	-546.484375
433910.982419	0.932244	10.254688	0.153961
433912.058479	0.660693	225.390625	42.285156
433912.060482	0.922123	225.390625	42.285156
433912.062483	0.934547	225.390625	42.285156
433912.064483	0.932160	10.253757	0.128591
433913.075059	0.794784	115.332031	-555.078125
433913.077061	0.936632	115.332031	-555.078125
433913.079063	0.933662	10.270286	0.139651
433914.155691	0.669119	222.070312	40.429687
433914.157694	0.924238	222.070312	40.429687
433914.159692	0.934400	222.070312	40.429687
433914.161693	0.931980	10.251781	0.267295
433915.170216	0.439677	113.085937	-559.375000
433915.172216	0.452563	113.085937	-559.375000
433915.174217	0.937060	113.085937	-559.375000
433915.176217	0.934051	10.274557	0.126992
433916.251143	0.362052	216.015625	37.890625
433916.253150	0.725103	216.015625	37.890625
433916.255148	0.935240	216.015625	37.890625
433916.257149	0.935639	10.292025	0.108748
433917.267177	0.403581	105.371094	-573.730469
433917.269175	0.764198	105.371094	-573.730469
433917.271174	0.937381	105.371094	-573.730469
433917.273175	0.935146	10.286601	0.114260
433918.315774	0.407947	229.394531	43.164062
433918.317776	0.768089	229.394531	43.164062
433918.319775	0.936611	229.394531	43.164062
433918.321777	0.934224	10.276463	0.177054
433919.363801	0.305621	102.441406	-581.152344
433919.365801	0.671513	102.441406	-581.152344
433919.367802	0.924864	102.441406	-581.152344
433919.371802	0.932091	102.441406	-581.152344
433919.373804	0.930766	10.238426	0.100914
433920.414334	0.662351	225.000000	41.015625
433920.416336	0.922233	225.000000	41.015625
433920.418337	0.934122	225.000000	41.015625
433920.422335	0.930429	10.234721	0.159290
433921.462393	0.568746	97.167969	-592.773437
433921.464395	0.885886	97.167969	-592.773437
433921.466396	0.935501	97.167969	-592.773437
433921.468395	0.932726	10.259988	0.095018
433922.512964	0.884378	225.390625	39.843750
433922.514967	0.934847	225.390625	39.843750
433922.516965	0.931981	10.251790	0.149724
433923.527057	0.618230	110.839844	-569.042969
433923.529056	0.908024	110.839844	-569.042969
433923.531058	0.934446	110.839844	-569.042969
433923.533057	0.931945	10.251400	0.166377
433924.607144	0.389901	227.148437	40.820312
433924.609147	0.751412	227.148437	40.820312
433924.611146	0.936337	227.148437	40.820312
433924.613148	0.934627	10.280893	0.134378
433925.624156	0.607376	126.757812	-542.968750
433925.626158	0.903965	126.757812	-542.968750
433925.628158	0.934885	126.757812	-542.968750
433925.630160	0.934777	10.282542	0.146168
433926.706192	0.732154	218.847656	36.230469
433926.708192	0.933989	218.847656	36.230469
433926.710193	0.933242	10.265659	0.117163
433927.722284	0.782481	103.515625	-587.792969
433927.724285	0.935925	103.515625	-587.792969
433927.726287	0.932911	10.262017	0.130439
433928.802330	0.549731	219.628906	35.644531
433928.804332	0.875150	219.628906	35.644531
433928.806332	0.935232	219.628906	35.644531
433928.808331	0.932235	10.254581	0.108804
433929.818373	0.592704	105.468750	-583.886719
433929.820375	0.897482	105.468750	-583.886719
433929.822375	0.934872	105.468750	-583.886719
433929.824375	0.932247	10.254714	0.121804
433930.866441	0.502046	237.500000	41.601562
433930.870443	0.935201	237.500000	41.601562
433930.872444	0.931985	237.500000	41.601562
433930.874444	0.930442	10.234863	0.173589
433931.917400	0.886832	104.687500	-583.203125
433931.919403	0.935030	104.687500	-583.203125
433931.921401	0.932234	10.254573	0.105432
433932.963457	0.478079	232.128906	36.816406
433932.965458	0.827162	232.128906	36.816406
433932.967457	0.937202	232.128906	36.816406
433932.969460	0.934075	10.274823	0.160889
433934.011525	0.384322	97.363281	-593.359375
433934.013526	0.746162	97.363281	-593.359375
433934.015527	0.935311	97.363281	-593.359375
433934.017527	0.933715	10.270862	0.095353
433935.060461	0.447975	231.250000	33.593750
433935.062463	0.803090	231.250000	33.593750
433935.064463	0.937277	231.250000	33.593750
433935.066463	0.934231	10.276542	0.156674
433936.110547	0.721085	73.730469	-638.574219
433936.112548	0.934074	73.730469	-638.574219
433936.114548	0.934512	73.730469	-638.574219
433936.116548	0.932332	10.255653	0.457772
433937.158554	0.620347	228.710937	31.542969
433937.160555	0.909051	228.710937	31.542969
433937.162556	0.911249	228.710937	31.542969
433937.164555	0.932343	10.255777	0.132840
433938.174591	0.662776	99.804687	-586.230469
433938.176592	0.922197	99.804687	-586.230469
433938.178593	0.933995	99.804687	-586.230469
433938.180594	0.931594	10.247536	0.157061
433939.254639	0.427834	229.980469	30.859375
433939.256639	0.785789	229.980469	30.859375
433939.258638	0.937472	229.980469	30.859375
433939.260638	0.934681	10.281487	0.123616
433940.272659	0.818370	102.148437	-583.398437
433940.274662	0.936359	102.148437	-583.398437
433940.276662	0.933175	10.264924	0.143414
433941.352693	0.590828	228.613281	29.980469
433941.354695	0.896508	228.613281	29.980469
433941.356694	0.934561	228.613281	29.980469
433941.358694	0.931874	10.250611	0.109594
433942.370747	0.913775	97.460937	-594.726562
433942.372748	0.934395	97.460937	-594.726562
433942.374747	0.931851	10.250363	0.133123
433943.449296	0.492830	231.640625	30.468750
433943.451298	0.837937	231.640625	30.468750
433943.453299	0.935942	231.640625	30.468750
433943.455299	0.932741	10.260147	0.098868
433944.465370	0.540502	92.968750	-605.371094
433944.467371	0.869631	92.968750	-605.371094
433944.469372	0.934939	92.968750	-605.371094
433944.471372	0.934777	10.282542	0.106523
433945.513912	0.533968	239.062500	33.593750
433945.515916	0.865547	239.062500	33.593750
433945.517914	0.935046	239.062500	33.593750
433945.519915	0.932009	10.252100	0.169442
433946.561948	0.435800	91.113281	-611.718750
433946.563949	0.792700	91.113281	-611.718750
433946.565950	0.938083	91.113281	-611.718750
433946.567950	0.935149	10.286636	0.100810
433947.610520	0.436160	236.816406	33.300781
433947.612524	0.793247	236.816406	33.300781
433947.614523	0.940606	236.816406	33.300781
433947.616522	0.937670	10.314366	0.151581
433948.660533	0.696194	74.218750	-646.777344
433948.662539	0.929520	74.218750	-646.777344
433948.664537	0.933511	74.218750	-646.777344
433948.666537	0.931352	10.244868	0.088074
433949.708568	0.597632	232.421875	31.542969
433949.710571	0.899567	232.421875	31.542969
433949.714568	0.932064	232.421875	31.542969
433949.716571	0.930710	10.237814	0.143528
433950.724648	0.647361	105.761719	-582.812500
433950.726648	0.917763	105.761719	-582.812500
433950.728651	0.934015	105.761719	-582.812500
433950.730650	0.931588	10.247465	0.216110
433951.804734	0.420135	233.398437	31.347656
433951.806736	0.778944	233.398437	31.347656
433951.808737	0.937353	233.398437	31.347656
433951.810736	0.934653	10.281186	0.125342
433952.820755	0.459212	99.804687	-596.093750
433952.822756	0.812325	99.804687	-596.093750
433952.826753	0.934151	99.804687	-596.093750
433952.828759	0.932187	10.254059	0.136823
433953.902792	0.583540	230.371094	29.882812
433953.904795	0.893179	230.371094	29.882812
433953.906796	0.934869	230.371094	29.882812
433953.908795	0.932150	10.253651	0.114569
433954.918832	0.623223	92.773437	-611.523437
433954.920833	0.909799	92.773437	-611.523437
433954.922833	0.934346	92.773437	-611.523437
433954.924834	0.931771	10.249476	0.123645
433956.000882	0.752656	232.812500	29.785156
433956.002886	0.935618	232.812500	29.785156
433956.004884	0.933711	10.270817	0.611427
433957.015820	0.595745	83.691406	-631.054687
433957.017822	0.898891	83.691406	-631.054687
433957.019822	0.934815	83.691406	-631.054687
433957.021822	0.932211	10.254315	0.110496
433958.095863	0.358900	230.859375	28.417969
433958.097872	0.721919	230.859375	28.417969
433958.099876	0.934704	230.859375	28.417969
433958.101878	0.935077	10.285848	0.090086
433959.114446	0.842775	81.542969	-636.621094
433959.116448	0.935208	81.542969	-636.621094
433959.120448	0.930530	10.235828	0.096094
433960.164474	0.935539	246.191406	32.519531
433960.166477	0.933097	10.264065	0.158279
433961.209037	0.397283	78.125000	-644.335937
433961.211038	0.758237	78.125000	-644.335937
433961.215038	0.934407	78.125000	-644.335937
433961.217037	0.932356	10.255920	0.089650
433962.259101	0.666264	235.546875	28.613281
433962.261105	0.923342	235.546875	28.613281
433962.263104	0.934249	235.546875	28.613281
433962.265104	0.931908	10.250992	0.145226
433963.307154	0.570690	83.886719	-632.128906
433963.309155	0.886609	83.886719	-632.128906
433963.311154	0.934680	83.886719	-632.128906
433963.313155	0.931971	10.251684	0.081670
433964.358110	0.915230	238.183594	29.296875
433964.360112	0.934020	238.183594	29.296875
433964.362110	0.931608	10.247687	0.159942
433965.370671	0.416200	101.562500	-594.824219
433965.372674	0.775307	101.562500	-594.824219
433965.374674	0.936589	101.562500	-594.824219
433965.376674	0.933836	10.272200	0.146574
433966.452675	0.533435	230.859375	27.343750
433966.454677	0.865477	230.859375	27.343750
433966.456675	0.935651	230.859375	27.343750
433966.458675	0.932684	10.259526	0.116553
433967.468676	0.569201	102.734375	-594.531250
433967.470679	0.885756	102.734375	-594.531250
433967.472678	0.934726	102.734375	-594.531250
433967.476680	0.930480	10.235279	0.144077
433968.550761	0.704996	231.738281	28.613281
433968.552762	0.931146	231.738281	28.613281
433968.556759	0.931642	231.738281	28.613281
433968.558761	0.930439	10.234828	0.102433
433969.567318	0.827421	99.023437	-606.738281
433969.569320	0.936078	99.023437	-606.738281
433969.571319	0.932874	10.261610	0.119922
433970.647843	0.691993	222.949219	27.148437
433970.649845	0.928479	222.949219	27.148437
433970.651846	0.933250	222.949219	27.148437
433970.653845	0.931071	10.241784	0.095059
433971.661893	0.370186	88.574219	-635.058594
433971.663889	0.400636	88.574219	-635.058594
433971.665891	0.934517	88.574219	-635.058594
433971.667890	0.933996	10.273954	0.102999
433972.711957	0.641384	237.988281	33.496094
433972.713959	0.915680	237.988281	33.496094
433972.715958	0.933684	237.988281	33.496094
433972.717958	0.931277	10.244044	0.202599
433973.760002	0.547537	97.753906	-617.578125
433973.762003	0.873722	97.753906	-617.578125
433973.764004	0.934905	97.753906	-617.578125
433973.766004	0.931970	10.251666	0.086538
433974.808040	0.451367	236.523437	33.203125
433974.810041	0.805789	236.523437	33.203125
433974.812043	0.937586	236.523437	33.203125
433974.814040	0.934524	10.279759	0.150325
433975.856068	0.347910	80.957031	-656.933594
433975.858070	0.436651	80.957031	-656.933594
433975.860072	0.932879	80.957031	-656.933594
433975.862070	0.934915	80.957031	-656.933594
433975.864072	0.932645	10.259092	0.079381
433976.906168	0.624245	238.769531	33.691406
433976.908169	0.910267	238.769531	33.691406
433976.910171	0.934432	238.769531	33.691406
433976.912169	0.931840	10.250238	0.137499
433977.922736	0.762935	116.699219	-581.542969
433977.924737	0.935575	116.699219	-581.542969
433977.926740	0.933143	10.264579	0.148051
433979.003301	0.623167	230.664062	31.640625
433979.005303	0.909835	230.664062	31.640625
433979.007308	0.934437	230.664062	31.640625
433979.009311	0.931854	10.250399	0.119536
433980.019376	0.672164	101.855469	-613.085937
433980.021379	0.924272	101.855469	-613.085937
433980.023381	0.933336	101.855469	-613.085937
433980.025381	0.931051	10.241563	0.293989
433981.099414	0.436432	234.472656	32.714844
433981.101414	0.793167	234.472656	32.714844
433981.103414	0.936979	234.472656	32.714844
433981.105416	0.933981	10.273787	0.110155
433982.115966	0.570258	103.027344	-609.765625
433982.117966	0.886234	103.027344	-609.765625
433982.119969	0.934600	103.027344	-609.765625
433982.121967	0.931891	10.250797	0.116266
433983.198518	0.785245	224.511719	29.687500
433983.200520	0.937603	224.511719	29.687500
433983.202520	0.934835	10.283180	0.758025
433984.212558	0.467907	87.695312	-643.359375
433984.214560	0.819115	87.695312	-643.359375
433984.216559	0.937040	87.695312	-643.359375
433984.218561	0.933917	10.273087	0.103091
433985.294615	0.594898	228.515625	30.957031
433985.296618	0.898458	228.515625	30.957031
433985.298619	0.934764	228.515625	30.957031
433985.300625	0.932160	10.253757	0.086815
433986.311179	0.732006	93.261719	-630.957031
433986.313181	0.933865	93.261719	-630.957031
433986.315180	0.933113	10.264241	0.093297
433987.359783	0.735526	248.144531	35.449219
433987.361786	0.934313	248.144531	35.449219
433987.363786	0.933338	10.266723	0.580956
433988.409789	0.914208	80.468750	-659.375000
433988.411792	0.935104	80.468750	-659.375000
433988.413793	0.932459	10.257045	0.081487
433989.457896	0.876022	239.941406	33.300781
433989.459898	0.935423	239.941406	33.300781
433989.461900	0.932498	10.257480	0.136750
433990.505984	0.814175	87.792969	-645.996094
433990.507983	0.936871	87.792969	-645.996094
433990.509983	0.933672	10.270392	0.074792
433991.552945	0.530850	232.421875	30.566406
433991.554949	0.863506	232.421875	30.566406
433991.556948	0.934915	232.421875	30.566406
433991.558948	0.931933	10.251258	0.126387
433992.568997	0.575690	99.609375	-620.800781
433992.570999	0.888967	99.609375	-620.800781
433992.573000	0.934415	99.609375	-620.800781
433992.574998	0.931735	10.249086	0.132278
433993.649050	0.337634	232.128906	30.761719
433993.651052	0.701813	232.128906	30.761719
433993.653052	0.930867	232.128906	30.761719
433993.657051	0.931839	232.128906	30.761719
433993.659052	0.930611	10.236724	0.112141
433994.665108	0.385061	96.875000	-629.882812
433994.667109	0.746691	96.875000	-629.882812
433994.669109	0.935969	96.875000	-629.882812
433994.671108	0.934404	10.278439	0.121084
433995.747125	0.507581	226.562500	28.808594
433995.749127	0.848160	226.562500	28.808594
433995.751126	0.935208	226.562500	28.808594
433995.753126	0.932111	10.253217	0.100525
433996.763190	0.554637	95.312500	-631.933594
433996.765192	0.877803	95.312500	-631.933594
433996.767193	0.934680	95.312500	-631.933594
433996.769196	0.931850	10.250345	0.100188
433997.845253	0.684443	224.023437	27.441406
433997.847255	0.927199	224.023437	27.441406
433997.849255	0.933597	224.023437	27.441406
433997.851254	0.931328	10.244612	0.091724
433998.861299	0.728954	83.789062	-657.519531
433998.863300	0.933765	83.789062	-657.519531
433998.865301	0.933525	10.268770	0.094855
433999.909388	0.639170	250.292969	32.519531
433999.911389	0.915098	250.292969	32.519531
433999.915388	0.931405	250.292969	32.519531
433999.917391	0.930084	10.230927	0.176202
434000.957411	0.539992	80.468750	-662.890625
434000.959413	0.869132	80.468750	-662.890625
434000.961411	0.934704	80.468750	-662.890625
434000.963412	0.931754	10.249290	0.080488
434002.005474	0.449612	248.144531	31.054687
434002.007477	0.804041	248.144531	31.054687
434002.009478	0.809760	248.144531	31.054687
434002.011476	0.933000	10.263000	0.145518
434003.056415	0.854098	78.613281	-665.332031
434003.058421	0.935336	78.613281	-665.332031
434003.060418	0.932194	10.254139	0.072376
434004.104504	0.784604	243.164062	27.441406
434004.106507	0.935971	243.164062	27.441406
434004.108507	0.932917	10.262088	0.126749
434005.118556	0.472026	104.492187	-604.492187
434005.120558	0.822243	104.492187	-604.492187
434005.122557	0.936732	104.492187	-604.492187
434005.124557	0.933472	10.268194	0.142015
434006.200655	0.607891	243.164062	26.367187
434006.202656	0.903936	243.164062	26.367187
434006.204657	0.934516	243.164062	26.367187
434006.206657	0.931879	10.250664	0.115635
434007.219239	0.934448	93.750000	-628.027344
434007.221242	0.932572	10.258295	0.123912
434008.297332	0.521535	241.015625	25.000000
434008.299334	0.857626	241.015625	25.000000
434008.301333	0.935394	241.015625	25.000000
434008.303334	0.932345	10.255796	0.103375
434009.313868	0.653937	96.093750	-622.070312
434009.315866	0.919762	96.093750	-622.070312
434009.317867	0.933994	96.093750	-622.070312
434009.319868	0.931601	10.247616	0.197737
434010.396801	0.891101	231.347656	22.167969
434010.398801	0.934483	231.347656	22.167969
434010.400802	0.931807	10.249875	0.088322
434011.410822	0.615941	86.425781	-645.898437
434011.412825	0.906731	86.425781	-645.898437
434011.414825	0.933898	86.425781	-645.898437
434011.416824	0.931409	10.245498	0.093528
434012.459326	0.605262	250.585937	26.367187
434012.461328	0.902582	250.585937	26.367187
434012.463329	0.934071	250.585937	26.367187
434012.465328	0.931434	10.245772	0.159871
434013.507401	1.871725	69.921875	-683.984375
434013.509404	0.853972	69.921875	-683.984375
434013.511404	0.935669	69.921875	-683.984375
434013.513403	0.932569	10.258259	0.079103
434014.555436	2.121895	246.582031	25.195312
434014.557439	0.774922	246.582031	25.195312
434014.559438	0.937091	246.582031	25.195312
434014.561439	0.934436	10.278793	0.150284
434015.605473	0.680660	77.832031	-668.164062
434015.607472	0.926020	77.832031	-668.164062
434015.609474	0.927415	77.832031	-668.164062
434015.611473	0.930825	10.239073	0.283500
434016.652372	0.375968	247.265625	25.683594
434016.654371	0.738119	247.265625	25.683594
434016.656372	0.934529	247.265625	25.683594
434016.658371	0.933376	10.267139	0.132784
434017.668447	0.426741	94.531250	-629.589844
434017.672446	0.936157	94.531250	-629.589844
434017.674448	0.933095	94.531250	-629.589844
434017.678447	0.930197	10.232169	0.136454
434018.750521	0.555714	247.363281	25.585937
434018.752521	0.878235	247.363281	25.585937
434018.754523	0.934552	247.363281	25.585937
434018.756523	0.931741	10.249149	0.116750
434019.765500	0.403309	92.187500	-636.035156
434019.767503	0.763616	92.187500	-636.035156
434019.769503	0.937177	92.187500	-636.035156
434019.771502	0.934861	10.283472	0.127530
434020.849555	0.866145	245.996094	24.707031
434020.851556	0.934697	245.996094	24.707031
434020.853557	0.931756	10.249317	0.102146
434021.863630	0.580995	87.988281	-645.605469
434021.865633	0.891681	87.988281	-645.605469
434021.867632	0.934445	87.988281	-645.605469
434021.869632	0.931738	10.249123	0.104830
434022.945745	0.719911	242.968750	23.144531
434022.947749	0.932623	242.968750	23.144531
434022.949748	0.932975	242.968750	23.144531
434022.951748	0.930871	10.239578	0.092782
434023.962292	0.840108	87.304687	-648.144531
434023.964295	0.844458	87.304687	-648.144531
434023.966298	0.933806	10.271863	0.096104
434025.042860	0.713258	240.917969	22.656250
434025.044857	0.933662	240.917969	22.656250
434025.046857	0.935605	240.917969	22.656250
434025.048858	0.933334	10.266670	0.423404
434026.058851	0.528646	84.667969	-655.273437
434026.060854	0.934947	84.667969	-655.273437
434026.062853	0.933029	10.263320	0.087269
434027.105459	0.391761	258.105469	25.781250
434027.107461	0.752769	258.105469	25.781250
434027.109462	0.935569	258.105469	25.781250
434027.111460	0.933640	10.270038	0.147918
434028.155514	0.658194	67.480469	-693.359375
434028.157512	0.921103	67.480469	-693.359375
434028.159514	0.934105	67.480469	-693.359375
434028.161514	0.931721	10.248927	0.176756
434029.203590	0.569340	252.734375	24.414062
434029.205591	0.885434	252.734375	24.414062
434029.207591	0.933733	252.734375	24.414062
434029.209592	0.931140	10.242537	0.133427
434030.252176	0.572959	70.605469	-687.207031
434030.254179	0.887681	70.605469	-687.207031
434030.256178	0.934850	70.605469	-687.207031
434030.258179	0.932092	10.253013	0.066528
434031.302234	0.826551	241.113281	21.972656
434031.304237	0.935432	241.113281	21.972656
434031.306236	0.932134	10.253473	0.114509
434032.316298	0.525236	97.460937	-623.632812
434032.318299	0.538162	97.460937	-623.632812
434032.320299	0.935024	97.460937	-623.632812
434032.322299	0.931929	10.251214	0.128260
434033.396344	0.285061	239.843750	21.777344
434033.398346	0.651756	239.843750	21.777344
434033.400346	0.919214	239.843750	21.777344
434033.402346	0.934119	239.843750	21.777344
434033.404346	0.931637	10.248006	0.108432
434034.414436	0.702241	87.109375	-649.316406
434034.416435	0.930648	87.109375	-649.316406
434034.418438	0.933718	87.109375	-649.316406
434034.420436	0.931521	10.246730	0.398341
434035.494496	0.472285	236.132812	22.167969
434035.496498	0.822951	236.132812	22.167969
434035.498497	0.939370	236.132812	22.167969
434035.502497	0.934608	10.280690	0.091200
434036.510503	0.508128	93.066406	-637.890625
434036.512501	0.848753	93.066406	-637.890625
434036.516500	0.932856	93.066406	-637.890625
434036.518504	0.931158	10.242733	0.103051
434037.559056	0.503385	261.132812	27.734375
434037.561059	0.845155	261.132812	27.734375
434037.563057	0.935316	261.132812	27.734375
434037.565059	0.932182	10.254005	0.168146
434038.609691	0.853294	91.601562	-646.093750
434038.611694	0.935375	91.601562	-646.093750
434038.613694	0.932239	10.254625	0.084313
434039.655731	0.417319	250.878906	27.441406
434039.657734	0.776131	250.878906	27.441406
434039.659733	0.936613	250.878906	27.441406
434039.661732	0.933856	10.272413	0.151687
434040.707790	0.927269	75.000000	-687.597656
434040.709793	0.933274	75.000000	-687.597656
434040.711792	0.931068	10.241749	0.075583
434041.753853	0.590908	251.660156	27.343750
434041.755854	0.896056	251.660156	27.343750
434041.757854	0.933833	251.660156	27.343750
434041.759853	0.931234	10.243575	0.136817
434042.802461	0.598604	77.343750	-684.179687
434042.804463	0.899623	77.343750	-684.179687
434042.806463	0.934002	77.343750	-684.179687
434042.808463	0.931440	10.245843	0.064842
434043.850535	0.508870	248.632812	27.343750
434043.852535	0.849017	248.632812	27.343750
434043.854536	0.935313	248.632812	27.343750
434043.856536	0.932151	10.253660	0.115283
434044.866563	0.548478	100.488281	-631.054687
434044.868566	0.874158	100.488281	-631.054687
434044.870565	0.934661	100.488281	-631.054687
434044.872564	0.931673	10.248405	0.127950
434045.948604	0.672197	242.089844	26.464844
434045.950607	0.924161	242.089844	26.464844
434045.952606	0.933271	242.089844	26.464844
434045.954605	0.931028	10.241306	0.264450
434046.965163	0.803128	106.250000	-617.675781
434046.967166	0.936186	106.250000	-617.675781
434046.969167	0.932974	10.262709	0.113510
434048.046141	0.743192	241.113281	26.562500
434048.050141	0.933163	241.113281	26.562500
434048.052143	0.931184	10.243025	0.092378
434049.060118	0.412577	94.726562	-644.824219
434049.062120	0.771765	94.726562	-644.824219
434049.064119	0.935278	94.726562	-644.824219
434049.066119	0.932509	10.257594	0.099063
434050.144215	0.874601	237.207031	25.683594
434050.146217	0.934455	237.207031	25.683594
434050.148217	0.931528	10.246809	0.084886
434051.157149	0.387850	94.628906	-644.531250
434051.159152	0.749215	94.628906	-644.531250
434051.161151	0.755354	94.628906	-644.531250
434051.163151	0.934074	10.274815	0.091156
434052.206095	0.455858	246.484375	26.855469
434052.208097	0.469698	246.484375	26.855469
434052.210098	0.936406	246.484375	26.855469
434052.212098	0.933185	10.265030	0.152139
434053.256150	0.721199	89.941406	-656.054687
434053.260150	0.932604	89.941406	-656.054687
434053.264150	0.929412	10.223528	0.457214
434054.305134	0.791839	252.734375	27.636719
434054.307138	0.935452	252.734375	27.636719
434054.309140	0.932335	10.255681	0.136865
434055.351698	0.432941	79.296875	-681.347656
434055.353698	0.789919	79.296875	-681.347656
434055.355698	0.936335	79.296875	-681.347656
434055.357699	0.933279	10.266067	0.070069
434056.401765	0.700140	248.535156	27.343750
434056.403774	0.929666	248.535156	27.343750
434056.405772	0.932899	248.535156	27.343750
434056.407771	0.930739	10.238133	0.401328
434057.415781	0.377951	103.222656	-625.195312
434057.417784	0.739750	103.222656	-625.195312
434057.419783	0.934486	103.222656	-625.195312
434057.421785	0.933285	10.266138	0.131375
434058.499823	0.848470	242.187500	26.074219
434058.501825	0.935389	242.187500	26.074219
434058.503825	0.932174	10.253917	0.108464
434059.516401	0.916478	101.660156	-630.957031
434059.518403	0.933072	101.660156	-630.957031
434059.520403	0.930826	10.239090	0.170915
434060.598926	0.937146	237.792969	24.902344
434060.600926	0.934119	237.792969	24.902344
434060.602924	0.932347	10.255814	0.096578
434061.610989	0.544237	91.699219	-655.957031
434061.612990	0.871619	91.699219	-655.957031
434061.614992	0.934835	91.699219	-655.957031
434061.616992	0.931941	10.251347	0.101457
434062.695007	0.922987	236.035156	24.511719
434062.697008	0.934275	236.035156	24.511719
434062.699008	0.931840	10.250238	0.217424
434063.707628	0.452272	91.308594	-658.300781
434063.709628	0.806251	91.308594	-658.300781
434063.711630	0.936696	91.308594	-658.300781
434063.713628	0.933590	10.269488	0.090770
434064.757673	0.712461	258.007812	27.636719
434064.759669	0.932824	258.007812	27.636719
434064.761669	0.934566	258.007812	27.636719
434064.763670	0.932306	10.255362	0.477316
434065.804581	0.413954	79.882812	-684.667969
434065.806582	0.773213	79.882812	-684.667969
434065.808582	0.936843	79.882812	-684.667969
434065.810589	0.934096	10.275054	0.080038
434066.854666	0.686220	258.007812	26.953125
434066.858667	0.932677	258.007812	26.953125
434066.860666	0.930609	258.007812	26.953125
434066.862668	0.929416	10.223572	0.136559
434067.901608	0.387266	77.929687	-688.183594
434067.903610	0.748589	77.929687	-688.183594
434067.905610	0.934877	77.929687	-688.183594
434067.907611	0.933031	10.263347	0.069852
434068.951630	0.651863	245.312500	23.339844
434068.953633	0.919106	245.312500	23.339844
434068.955637	0.934001	245.312500	23.339844
434068.957634	0.931539	10.246924	0.203622
434070.001664	0.877195	64.355469	-717.871094
434070.003667	0.934485	64.355469	-717.871094
434070.005666	0.931691	10.248600	0.060760
434071.047733	0.462924	251.855469	23.730469
434071.049734	0.814878	251.855469	23.730469
434071.053733	0.933184	251.855469	23.730469
434071.057732	0.930362	10.233986	0.106488
434072.063759	0.502716	87.695312	-658.691406
434072.065762	0.844591	87.695312	-658.691406
434072.067763	0.935051	87.695312	-658.691406
434072.069764	0.934880	10.283686	0.125370
434073.147757	0.908030	246.289062	20.800781
434073.153756	0.929617	246.289062	20.800781
434073.155757	0.928639	10.215029	0.093621
434074.162328	0.757453	79.003906	-677.246094
434074.164329	0.935312	79.003906	-677.246094
434074.166334	0.933055	10.263603	0.105035
434075.244401	0.600845	244.335937	19.433594
434075.246403	0.934853	244.335937	19.433594
434075.248403	0.931822	10.250044	0.081816
434076.258974	0.666461	80.664062	-673.535156
434076.260977	0.923005	80.664062	-673.535156
434076.262978	0.933676	80.664062	-673.535156
434076.264977	0.931313	10.244443	0.234985
434077.307034	0.573848	261.718750	21.679687
434077.309036	0.887914	261.718750	21.679687
434077.311034	0.934116	261.718750	21.679687
434077.313035	0.931373	10.245108	0.151915
434078.355095	0.481218	84.765625	-662.890625
434078.357096	0.829160	84.765625	-662.890625
434078.359095	0.935938	84.765625	-662.890625
434078.361097	0.932667	10.259340	0.076258
434079.403133	0.383212	256.738281	20.410156
434079.405133	0.744778	256.738281	20.410156
434079.407133	0.934868	256.738281	20.410156
434079.411132	0.931246	10.243708	0.143819
434080.455171	0.917736	63.964844	-713.964844
434080.457174	0.933443	63.964844	-713.964844
434080.459174	0.931025	10.241280	0.133921
434081.501184	0.545594	250.488281	19.238281
434081.503186	0.872463	250.488281	19.238281
434081.505187	0.934791	250.488281	19.238281
434081.507187	0.931955	10.251506	0.128716
434082.549274	0.459267	60.058594	-723.242187
434082.551275	0.811929	60.058594	-723.242187
434082.553274	0.936248	60.058594	-723.242187
434082.555275	0.933030	10.263329	0.061259
434083.599330	0.724913	258.105469	20.019531
434083.603333	0.933040	258.105469	20.019531
434083.605335	0.931001	10.241013	0.118169
434084.615338	0.761469	91.406250	-648.730469
434084.617341	0.935296	91.406250	-648.730469
434084.619348	0.932768	10.260448	0.120077
434085.699426	0.934485	243.457031	18.066406
434085.701426	0.931607	243.457031	18.066406
434085.703427	0.930138	10.231522	0.096956
434086.711481	0.580551	81.738281	-672.753906
434086.713482	0.891358	81.738281	-672.753906
434086.717479	0.931792	81.738281	-672.753906
434086.719483	0.930471	10.235182	0.103189
434087.791510	0.339214	243.164062	17.871094
434087.793515	0.703045	243.164062	17.871094
434087.795515	0.930837	243.164062	17.871094
434087.797514	0.933849	243.164062	17.871094
434087.799513	0.931628	10.247909	0.089728
434088.807600	1.461935	79.199219	-679.394531
434088.809602	0.755484	79.199219	-679.394531
434088.811604	0.935231	79.199219	-679.394531
434088.813601	0.933077	10.263843	0.090320
434089.889635	0.519638	243.945312	17.675781
434089.891634	0.856124	243.945312	17.675781
434089.893636	0.934919	243.945312	17.675781
434089.895635	0.931858	10.250434	0.077748
434090.905725	0.569605	74.414062	-692.382812
434090.907724	0.885787	74.414062	-692.382812
434090.909724	0.934209	74.414062	-692.382812
434090.911726	0.931523	10.246756	0.078765
434091.953730	0.467991	262.402344	20.605469
434091.955734	0.819117	262.402344	20.605469
434091.957732	0.938031	262.402344	20.605469
434091.959732	0.934970	10.284669	0.143209
434093.003779	0.732358	64.355469	-715.332031
434093.005782	0.934067	64.355469	-715.332031
434093.007781	0.933327	10.266599	0.066774
434094.053837	0.914959	261.328125	20.117187
434094.055840	0.933350	261.328125	20.117187
434094.057841	0.930982	10.240801	0.160141
434095.098793	0.345074	62.304687	-720.898437
434095.100795	0.708581	62.304687	-720.898437
434095.102795	0.931336	62.304687	-720.898437
434095.104795	0.933431	62.304687	-720.898437
434095.106796	0.931334	10.244674	0.061009
434096.148838	0.608921	246.191406	17.968750
434096.150841	0.904312	246.191406	17.968750
434096.152839	0.934739	246.191406	17.968750
434096.154841	0.932093	10.253022	0.115999
434097.165324	0.730185	98.632812	-630.761719
434097.167326	0.933564	98.632812	-630.761719
434097.169326	0.933035	10.263391	0.524260
434098.245351	0.495954	246.289062	17.871094
434098.247352	0.840298	246.289062	17.871094
434098.249352	0.936898	246.289062	17.871094
434098.251354	0.933809	10.271899	0.099962
434099.261408	0.539113	82.421875	-672.167969
434099.263411	0.868503	82.421875	-672.167969
434099.265410	0.934631	82.421875	-672.167969
434099.267411	0.931755	10.249309	0.109154
434100.345473	0.923733	248.730469	18.847656
434100.347475	0.933096	248.730469	18.847656
434100.349476	0.930878	10.239657	0.086662
434101.358020	0.442529	84.765625	-668.652344
434101.360020	0.797900	84.765625	-668.652344
434101.364017	0.932968	84.765625	-668.652344
434101.366019	0.931166	10.242830	0.097133
434102.408038	0.702384	271.093750	22.460937
434102.410039	0.929877	271.093750	22.460937
434102.412039	0.932708	271.093750	22.460937
434102.414038	0.930646	10.237105	0.158341
434103.457009	0.770545	73.828125	-698.535156
434103.459010	0.935911	73.828125	-698.535156
434103.461010	0.933182	10.265003	0.079731
434104.505056	0.679678	265.820312	22.656250
434104.507058	0.925308	265.820312	22.656250
434104.509057	0.932434	265.820312	22.656250
434104.511057	0.930349	10.233835	0.332928
434105.552064	0.395678	81.738281	-681.640625
434105.554065	0.756416	81.738281	-681.640625
434105.556065	0.935103	81.738281	-681.640625
434105.558065	0.932845	10.261299	0.068109
434106.601009	0.463094	254.589844	21.875000
434106.603011	0.814965	254.589844	21.875000
434106.605010	0.936294	254.589844	21.875000
434106.609009	0.931374	10.245117	0.131700
434107.653058	0.933856	78.515625	-692.187500
434107.655058	0.933571	78.515625	-692.187500
434107.657061	0.931474	10.246216	0.060476
434108.699656	0.731669	245.507812	20.996094
434108.701657	0.933814	245.507812	20.996094
434108.703656	0.933207	10.265278	0.117300
434109.713673	0.408850	94.433594	-656.835937
434109.715674	0.768325	94.433594	-656.835937
434109.717675	0.935711	94.433594	-656.835937
434109.719677	0.933053	10.263586	0.125991
434110.795735	0.540069	248.828125	22.363281
434110.797738	0.869123	248.828125	22.363281
434110.799736	0.934702	248.828125	22.363281
434110.801737	0.931771	10.249476	0.100649
434111.811799	0.585723	95.898437	-653.027344
434111.813800	0.894129	95.898437	-653.027344
434111.815800	0.934777	95.898437	-653.027344
434111.817801	0.932021	10.252234	0.107916
434112.893907	0.717142	249.023437	22.656250
434112.895907	0.933050	249.023437	22.656250
434112.897908	0.933547	249.023437	22.656250
434112.899907	0.933417	10.267583	0.439240
434113.907912	0.397921	89.843750	-667.578125
434113.909914	0.758380	89.843750	-667.578125
434113.911914	0.935796	89.843750	-667.578125
434113.913913	0.933695	10.270640	0.093045
434114.989960	0.526234	244.726562	21.777344
434114.991961	0.860480	244.726562	21.777344
434114.993963	0.864727	244.726562	21.777344
434114.995961	0.931632	10.247952	0.079460
434116.007964	0.880893	77.832031	-698.144531
434116.009967	0.934063	77.832031	-698.144531
434116.013964	0.929905	10.228951	0.079643
434117.053977	0.458944	265.332031	24.218750
434117.055977	0.811508	265.332031	24.218750
434117.057977	0.936228	265.332031	24.218750
434117.059978	0.932994	10.262938	0.151007
434118.104540	0.809150	73.046875	-708.886719
434118.106542	0.935484	73.046875	-708.886719
434118.108542	0.932202	10.254218	0.069065
434119.152594	0.715497	251.757812	22.167969
434119.154599	0.932153	251.757812	22.167969
434119.156601	0.932379	251.757812	22.167969
434119.158599	0.930337	10.233702	0.132751
434120.200599	0.618874	72.167969	-711.621094
434120.202600	0.907960	72.167969	-711.621094
434120.204601	0.933977	72.167969	-711.621094
434120.206603	0.931463	10.246092	0.061705
434121.248602	0.515942	246.484375	21.582031
434121.250606	0.853539	246.484375	21.582031
434121.252604	0.857713	246.484375	21.582031
434121.254605	0.931515	10.246668	0.118151
434122.264685	0.566895	94.042969	-656.347656
434122.266687	0.884292	94.042969	-656.347656
434122.268687	0.934263	94.042969	-656.347656
434122.270688	0.931523	10.246756	0.117317
434123.344770	0.335089	250.781250	22.363281
434123.348769	0.929459	250.781250	22.363281
434123.350770	0.932894	250.781250	22.363281
434123.354768	0.929573	10.225301	0.105968
434124.360796	0.377584	90.917969	-665.917969
434124.362798	0.739285	90.917969	-665.917969
434124.364798	0.933335	90.917969	-665.917969
434124.366798	0.931968	10.251648	0.109141
434125.442824	0.502404	250.097656	22.363281
434125.444824	0.844164	250.097656	22.363281
434125.446824	0.934431	250.097656	22.363281
434125.448824	0.931307	10.244381	0.089487
434126.458820	0.534577	96.386719	-652.539062
434126.460820	0.547257	96.386719	-652.539062
434126.462818	0.934324	96.386719	-652.539062
434126.464820	0.931379	10.245170	0.096517
434127.539774	0.467212	235.156250	19.824219
434127.541776	0.818202	235.156250	19.824219
434127.543775	0.936289	235.156250	19.824219
434127.545777	0.933106	10.264161	0.079197
434128.555845	0.514144	81.250000	-691.406250
434128.557848	0.852331	81.250000	-691.406250
434128.559847	0.934386	81.250000	-691.406250
434128.561847	0.931341	10.244754	0.080862
434129.603910	0.418890	268.652344	23.535156
434129.605909	0.777315	268.652344	23.535156
434129.607909	0.935739	268.652344	23.535156
434129.609909	0.932810	10.260909	0.148304
434130.651959	0.320708	80.664062	-693.359375
434130.653961	0.685424	80.664062	-693.359375
434130.655960	0.927721	80.664062	-693.359375
434130.657960	0.934188	80.664062	-693.359375
434130.659960	0.931840	10.250238	0.072358
434131.702024	1.357090	263.867187	23.046875
434131.706025	0.899716	263.867187	23.046875
434131.708026	0.931165	263.867187	23.046875
434131.710027	0.929771	10.227480	0.136120
434132.749008	0.301944	71.484375	-715.332031
434132.753012	0.923189	71.484375	-715.332031
434132.755014	0.933106	71.484375	-715.332031
434132.757015	0.930789	10.238683	0.063976
434133.799148	0.588618	254.980469	21.386719
434133.801150	0.894698	254.980469	21.386719
434133.803148	0.933146	254.980469	21.386719
434133.805149	0.930684	10.237522	0.116693
434134.815191	0.630849	98.046875	-645.898437
434134.817192	0.911883	98.046875	-645.898437
434134.819191	0.933352	98.046875	-645.898437
434134.821193	0.930925	10.240180	0.123446
434135.895239	0.398650	249.511719	19.726562
434135.897241	0.758979	249.511719	19.726562
434135.899241	0.936069	249.511719	19.726562
434135.903240	0.931780	10.249575	0.101271
434136.911310	0.444561	94.921875	-652.734375
434136.913313	0.799634	94.921875	-652.734375
434136.915312	0.936598	94.921875	-652.734375
434136.917312	0.933406	10.267467	0.113463
434137.995365	0.886749	242.675781	17.675781
434137.997369	0.934502	242.675781	17.675781
434137.999367	0.931776	10.249539	0.085214
434139.009400	0.612625	83.886719	-678.027344
434139.011402	0.905614	83.886719	-678.027344
434139.015401	0.931763	83.886719	-678.027344
434139.017401	0.930364	10.234003	0.093769
434140.089456	0.378405	245.605469	17.382812
434140.091457	0.740171	245.605469	17.382812
434140.093457	0.934095	245.605469	17.382812
434140.095456	0.932733	10.260058	0.077552
434141.109547	0.935184	72.851562	-704.101562
434141.111549	0.932176	72.851562	-704.101562
434141.113549	0.930490	10.235386	0.079948
434142.153612	0.336144	263.574219	18.164062
434142.155615	0.699943	263.574219	18.164062
434142.157614	0.929503	263.574219	18.164062
434142.159614	0.932675	263.574219	18.164062
434142.161614	0.930533	10.235865	0.156937
434143.203697	0.612050	84.863281	-673.730469
434143.207698	0.933183	84.863281	-673.730469
434143.209700	0.930644	84.863281	-673.730469
434143.211699	0.930599	10.236591	0.074539
434144.251735	1.261447	259.375000	17.871094
434144.253739	0.853042	259.375000	17.871094
434144.257735	0.931347	259.375000	17.871094
434144.259738	0.929801	10.227808	0.135665
434145.301784	0.778933	62.597656	-730.371094
434145.303787	0.935593	62.597656	-730.371094
434145.307785	0.930819	10.239011	0.060336
434146.349840	0.488780	266.406250	18.554687
434146.353842	0.932625	266.406250	18.554687
434146.355847	0.930430	266.406250	18.554687
434146.357851	0.929231	10.221542	0.118717
434147.364743	0.524203	89.062500	-662.695312
434147.366746	0.858870	89.062500	-662.695312
434147.368746	0.934327	89.062500	-662.695312
434147.370745	0.931316	10.244479	0.126999
434148.446795	0.651399	264.843750	17.675781
434148.448796	0.918356	264.843750	17.675781
434148.450795	0.933023	264.843750	17.675781
434148.452797	0.930685	10.237539	0.101870
434149.462790	0.683875	89.257812	-661.328125
434149.466789	0.932611	89.257812	-661.328125
434149.468790	0.930473	89.257812	-661.328125
434149.470791	0.929217	10.221392	0.114912
434150.542856	0.455127	249.609375	15.625000
434150.544857	0.808295	249.609375	15.625000
434150.546857	0.935523	249.609375	15.625000
434150.548857	0.932302	10.255318	0.090234
434151.558884	0.494154	79.492187	-687.500000
434151.560887	0.838704	79.492187	-687.500000
434151.562886	0.936236	79.492187	-687.500000
434151.566883	0.931295	10.244248	0.097146
434152.640930	0.621496	251.367187	15.625000
434152.642933	0.908627	251.367187	15.625000
434152.644932	0.933457	251.367187	15.625000
434152.648932	0.929736	10.227099	0.081622
434153.655525	0.400129	75.488281	-698.632812
434153.659526	0.767289	75.488281	-698.632812
434153.661528	0.932042	75.488281	-698.632812
434153.663527	0.930195	10.232142	0.084605
434154.705567	0.666061	270.019531	18.066406
434154.707569	0.922385	270.019531	18.066406
434154.709569	0.932769	270.019531	18.066406
434154.711570	0.930614	10.236751	0.289881
434155.753626	0.573211	70.019531	-711.621094
434155.755625	0.887028	70.019531	-711.621094
434155.757626	0.933255	70.019531	-711.621094
434155.759628	0.930702	10.237725	0.068751
434156.801727	0.486607	271.777344	18.066406
434156.803728	0.832809	271.777344	18.066406
434156.805730	0.934822	271.777344	18.066406
434156.809727	0.930055	10.230600	0.141692
434157.850260	0.480789	65.039062	-725.390625
434157.852262	0.828508	65.039062	-725.390625
434157.854262	0.934860	65.039062	-725.390625
434157.856261	0.931680	10.248485	0.060321
434158.900328	0.748356	269.824219	17.578125
434158.902328	0.934364	269.824219	17.578125
434158.904329	0.932482	10.257302	0.607352
434159.914374	0.431887	94.824219	-646.289062
434159.916375	0.788669	94.824219	-646.289062
434159.918376	0.935730	94.824219	-646.289062
434159.920376	0.932634	10.258968	0.129729
434160.996425	0.559456	256.640625	15.917969
434160.998427	0.879999	256.640625	15.917969
434161.002426	0.931158	256.640625	15.917969
434161.004427	0.929750	10.227250	0.103945
434162.012478	0.603975	86.328125	-668.652344
434162.014480	0.901416	86.328125	-668.652344
434162.016480	0.932966	86.328125	-668.652344
434162.018481	0.930535	10.235882	0.115287
434163.092505	0.362852	246.191406	14.550781
434163.094513	0.725463	246.191406	14.550781
434163.096514	0.933928	246.191406	14.550781
434163.098515	0.933875	10.272625	0.091838
434164.108523	0.404202	84.960937	-673.339844
434164.110526	0.764104	84.960937	-673.339844
434164.112528	0.935950	84.960937	-673.339844
434164.116525	0.931460	10.246065	0.100914
434165.190592	0.536461	249.414062	15.429687
434165.192593	0.866501	249.414062	15.429687
434165.194594	0.933681	249.414062	15.429687
434165.196594	0.930851	10.239356	0.076078
434166.206623	0.575512	78.710937	-691.210937
434166.208624	0.888422	78.710937	-691.210937
434166.210626	0.933512	78.710937	-691.210937
434166.212625	0.930924	10.240163	0.084994
434167.254647	0.475892	263.183594	18.066406
434167.256648	0.824963	263.183594	18.066406
434167.258647	0.936166	263.183594	18.066406
434167.260647	0.933055	10.263603	0.155389
434168.304695	0.741946	82.910156	-682.128906
434168.306695	0.934586	82.910156	-682.128906
434168.308696	0.933215	10.265368	0.071871
434169.354742	0.916455	256.152344	17.578125
434169.356744	0.919032	256.152344	17.578125
434169.358744	0.930579	10.236370	0.178132
434170.402823	0.879647	65.625000	-729.589844
434170.404826	0.934809	65.625000	-729.589844
434170.406826	0.931994	10.251931	0.060132
434171.450908	0.818572	255.078125	18.066406
434171.452911	0.935533	255.078125	18.066406
434171.454910	0.932231	10.254546	0.121722
434172.496934	0.364298	66.406250	-729.101562
434172.500932	0.933325	66.406250	-729.101562
434172.502934	0.933069	66.406250	-729.101562
434172.504935	0.930969	10.240659	0.055993
434173.546972	0.629194	259.082031	19.824219
434173.548973	0.911179	259.082031	19.824219
434173.550976	0.933077	259.082031	19.824219
434173.552978	0.930738	10.238115	0.103076
434174.563559	0.770221	100.292969	-643.457031
434174.565561	0.934547	100.292969	-643.457031
434174.567559	0.931815	10.249964	0.116910
434175.644114	0.629802	253.613281	19.531250
434175.646116	0.911892	253.613281	19.531250
434175.648116	0.933861	253.613281	19.531250
434175.650116	0.931340	10.244736	0.088074
