time (s)	coil I (A)	last det (V)	int current (uC)
1908.600948	0.936344	154.687500	251.367187
1908.602950	0.933919	10.273104	0.175095
1909.681474	0.675105	383.007812	-169.824219
1909.683474	0.927624	383.007812	-169.824219
1909.685475	0.936899	383.007812	-169.824219
1909.687475	0.934714	10.281859	0.334592
1910.691545	0.938211	155.468750	247.460937
1910.693548	0.935183	155.468750	247.460937
1910.695545	0.933434	10.267769	0.170954
1911.766537	0.617901	383.203125	-169.531250
1911.768537	0.909484	383.203125	-169.531250
1911.770540	0.936817	383.203125	-169.531250
1911.772544	0.934483	10.279316	0.179913
1912.776582	0.664388	157.421875	244.140625
1912.780582	0.935943	157.421875	244.140625
1912.782583	0.933551	157.421875	244.140625
1912.784586	0.932086	10.252951	0.173409
1913.853530	0.563456	398.632812	-166.894531
1913.855531	0.883983	398.632812	-166.894531
1913.857532	0.936759	398.632812	-166.894531
1913.859533	0.934098	10.275080	0.181160
1914.866121	0.652929	153.808594	235.546875
1914.868124	0.921020	153.808594	235.546875
1914.870130	0.936116	153.808594	235.546875
1914.872128	0.933807	10.271872	0.179440
1915.942198	0.884468	379.003906	-168.652344
1915.944197	0.887281	379.003906	-168.652344
1915.946196	0.933782	10.271605	0.176288
1916.956206	0.624737	155.957031	230.761719
1916.958207	0.634568	155.957031	230.761719
1916.962206	0.934517	155.957031	230.761719
1916.964208	0.932867	10.261539	0.176584
1918.028262	0.878812	407.812500	-163.769531
1918.030263	0.939800	407.812500	-163.769531
1918.032265	0.937084	10.307923	0.175004
1919.044287	0.674588	154.492187	224.414062
1919.046290	0.927320	154.492187	224.414062
1919.048289	0.936588	154.492187	224.414062
1919.050288	0.934421	10.278634	0.325240
1920.112325	0.421055	411.523437	-162.109375
1920.114329	0.780685	411.523437	-162.109375
1920.116329	0.938900	411.523437	-162.109375
1920.118328	0.936233	10.298566	0.177745
1921.130330	0.680121	158.984375	222.851562
1921.132332	0.927744	158.984375	222.851562
1921.134332	0.935583	158.984375	222.851562
1921.136333	0.933228	10.265509	0.181706
1922.202904	0.597573	384.667969	-164.550781
1922.204906	0.900935	384.667969	-164.550781
1922.206908	0.936580	384.667969	-164.550781
1922.208907	0.934138	10.275523	0.172582
1923.214946	0.611510	160.546875	219.238281
1923.216946	0.906492	160.546875	219.238281
1923.218946	0.936096	160.546875	219.238281
1923.220948	0.933496	10.268452	0.184986
1924.293596	0.610440	388.867187	-162.988281
1924.295598	0.906080	388.867187	-162.988281
1924.299597	0.933579	388.867187	-162.988281
1924.301598	0.932084	10.252924	0.173392
1925.302189	0.671863	160.449219	216.601562
1925.304190	0.925921	160.449219	216.601562
1925.306191	0.935662	160.449219	216.601562
1925.308189	0.933284	10.266129	0.182176
1926.385124	0.877692	369.824219	-165.332031
1926.389127	0.934311	369.824219	-165.332031
1926.391126	0.932600	10.258596	0.170874
1927.385141	0.487905	154.296875	212.207031
1927.387143	0.835402	154.296875	212.207031
1927.389142	0.938167	154.296875	212.207031
1927.391141	0.935154	10.286690	0.183306
1928.473158	0.585180	361.914062	-167.187500
1928.475161	0.895177	361.914062	-167.187500
1928.477161	0.936880	361.914062	-167.187500
1928.479161	0.934338	10.277721	0.176810
1929.473194	0.693548	158.691406	213.769531
1929.475194	0.930627	158.691406	213.769531
1929.477196	0.935719	158.691406	213.769531
1929.479194	0.933322	10.266545	0.417929
1930.563187	0.615046	377.832031	-166.015625
1930.565189	0.908092	377.832031	-166.015625
1930.567189	0.936378	377.832031	-166.015625
1930.569188	0.933865	10.272510	0.166025
1931.559727	0.937830	153.222656	211.523437
1931.561727	0.936292	153.222656	211.523437
1931.563729	0.934265	10.276915	0.650055
1932.649773	0.319485	358.496094	-170.898437
1932.651775	0.685446	358.496094	-170.898437
1932.653774	0.929250	358.496094	-170.898437
1932.657774	0.933564	358.496094	-170.898437
1932.661773	0.931309	10.244399	0.172737
1933.643812	0.578656	156.835937	213.964844
1933.645813	0.891964	156.835937	213.964844
1933.647813	0.936791	156.835937	213.964844
1933.649813	0.934240	10.276640	0.175395
1934.740395	0.670732	366.406250	-171.679687
1934.742396	0.925536	366.406250	-171.679687
1934.744399	0.935688	366.406250	-171.679687
1934.746397	0.933255	10.265801	0.314122
1935.732953	0.909052	153.417969	212.402344
1935.734954	0.936253	153.417969	212.402344
1935.736955	0.933763	10.271393	0.172813
1936.826997	0.592684	344.824219	-176.367187
1936.828999	0.898590	344.824219	-176.367187
1936.831001	0.936526	344.824219	-176.367187
1936.832999	0.933883	10.272714	0.172057
1937.817041	0.494406	152.929687	212.890625
1937.819043	0.839991	152.929687	212.890625
1937.821044	0.845369	152.929687	212.890625
1937.823043	0.934842	10.283260	0.172276
1938.915095	0.574803	346.972656	-178.027344
1938.917098	0.889963	346.972656	-178.027344
1938.919099	0.936736	346.972656	-178.027344
1938.921098	0.934072	10.274788	0.168446
1939.903122	0.411562	154.882812	213.378906
1939.905121	0.771958	154.882812	213.378906
1939.907124	0.937405	154.882812	213.378906
1939.909122	0.934961	10.284572	0.172901
1941.001710	0.591289	361.425781	-177.636719
1941.003714	0.897863	361.425781	-177.636719
1941.005712	0.936467	361.425781	-177.636719
1941.007714	0.933941	10.273352	0.175530
1941.994654	0.921295	151.855469	210.644531
1941.996656	0.936191	151.855469	210.644531
1942.000656	0.932176	10.253935	0.253632
1943.088702	1.332425	338.476562	-181.445312
1943.090705	0.780241	338.476562	-181.445312
1943.094703	0.935137	338.476562	-181.445312
1943.096703	0.933284	10.266129	0.173617
1944.080764	0.902793	155.273437	210.351562
1944.082766	0.936161	155.273437	210.351562
1944.084768	0.933538	10.268921	0.164276
1945.176755	0.671631	344.140625	-181.445312
1945.178756	0.925782	344.140625	-181.445312
1945.180755	0.935555	344.140625	-181.445312
1945.182759	0.933208	10.265287	0.325282
1946.165680	0.509230	151.562500	206.640625
1946.167681	0.850417	151.562500	206.640625
1946.169681	0.937071	151.562500	206.640625
1946.171680	0.934091	10.275000	0.165354
1947.261665	0.327361	328.417969	-184.179687
1947.263668	0.692884	328.417969	-184.179687
1947.265669	0.930790	328.417969	-184.179687
1947.271665	0.932275	328.417969	-184.179687
1947.273668	0.931433	10.245763	0.176476
1948.253731	0.529333	153.027344	204.199219
1948.255732	0.863666	153.027344	204.199219
1948.257731	0.936866	153.027344	204.199219
1948.259731	0.933969	10.273662	0.163595
1949.347779	0.511572	309.082031	-186.230469
1949.349782	0.852096	309.082031	-186.230469
1949.351782	0.937598	309.082031	-186.230469
1949.355779	0.932916	10.262079	0.176389
1950.343829	0.903586	149.609375	199.902344
1950.345831	0.936798	149.609375	199.902344
1950.347833	0.934402	10.278421	0.161178
1951.433889	0.435675	310.351562	-185.253906
1951.435891	0.793113	310.351562	-185.253906
1951.437891	0.937225	310.351562	-185.253906
1951.439891	0.934393	10.278323	0.175868
1952.431909	0.937398	152.539062	197.558594
1952.433912	0.934339	10.277730	0.167544
1953.519961	0.399456	308.789062	-185.156250
1953.521964	0.760917	308.789062	-185.156250
1953.523962	0.768965	308.789062	-185.156250
1953.525961	0.934921	10.284128	0.175491
1954.515991	0.363860	153.515625	194.628906
1954.517994	0.727482	153.515625	194.628906
1954.519991	0.936161	153.515625	194.628906
1954.521993	0.936323	10.299558	0.166662
1955.604056	0.352756	300.878906	-185.546875
1955.606060	0.716914	300.878906	-185.546875
1955.608057	0.936756	300.878906	-185.546875
1955.610057	0.938368	300.878906	-185.546875
1955.612060	0.936393	10.300328	0.173424
1956.604082	0.368993	154.785156	191.601562
1956.608084	0.935611	154.785156	191.601562
1956.610086	0.935398	154.785156	191.601562
1956.614084	0.931828	10.250106	0.163440
1957.690102	0.406487	306.835937	-184.472656
1957.692105	0.767390	306.835937	-184.472656
1957.694103	0.938567	306.835937	-184.472656
1957.696103	0.936262	10.298884	0.170597
1958.694133	0.569975	158.300781	189.746094
1958.696135	0.887443	158.300781	189.746094
1958.698135	0.936742	158.300781	189.746094
1958.700135	0.934057	10.274629	0.165038
1959.774718	0.547109	283.886719	-187.011719
1959.776719	0.874535	283.886719	-187.011719
1959.778718	0.936514	283.886719	-187.011719
1959.780719	0.933786	10.271650	0.166223
1960.782769	0.673964	158.886719	187.402344
1960.784769	0.926210	158.886719	187.402344
1960.786770	0.935358	158.886719	187.402344
1960.788771	0.933070	10.263772	0.163254
1961.859282	0.655971	305.859375	-185.742187
1961.863282	0.935404	305.859375	-185.742187
1961.865285	0.933056	305.859375	-185.742187
1961.867284	0.931636	10.247997	0.263822
1962.869835	0.399878	155.566406	185.449219
1962.871839	0.761232	155.566406	185.449219
1962.873838	0.937792	155.566406	185.449219
1962.875838	0.935639	10.292025	0.160879
1963.943915	0.635742	276.464844	-190.917969
1963.945918	0.646317	276.464844	-190.917969
1963.947917	0.935912	276.464844	-190.917969
1963.949917	0.933453	10.267982	0.181109
1964.959987	0.730525	160.644531	186.132812
1964.961986	0.739301	160.644531	186.132812
1964.963987	0.935800	10.293797	0.552898
1966.029971	0.853587	290.722656	-192.187500
1966.031973	0.937028	290.722656	-192.187500
1966.033973	0.933995	10.273946	0.174235
1967.048560	0.659749	159.375000	186.914062
1967.050562	0.922590	159.375000	186.914062
1967.052561	0.935486	159.375000	186.914062
1967.054560	0.933096	10.264055	0.158685
1968.113145	0.521841	279.296875	-196.289062
1968.115146	0.858739	279.296875	-196.289062
1968.117145	0.936663	279.296875	-196.289062
1968.119146	0.933686	10.270552	0.176972
1969.135163	0.417843	159.863281	187.792969
1969.137165	0.777626	159.863281	187.792969
1969.139164	0.938455	159.863281	187.792969
1969.141164	0.935979	10.295765	0.152529
1970.202130	0.925994	245.800781	-201.855469
1970.204132	0.935656	245.800781	-201.855469
1970.206131	0.933239	10.265633	0.336133
1971.224179	0.774213	157.519531	187.792969
1971.226180	0.938064	157.519531	187.792969
1971.228180	0.935613	10.291741	0.151651
1972.286740	0.689263	283.398437	-202.148437
1972.288743	0.929298	283.398437	-202.148437
1972.290742	0.935027	283.398437	-202.148437
1972.292743	0.932679	10.259464	0.178893
1973.310783	0.825229	152.343750	187.109375
1973.312787	0.938440	152.343750	187.109375
1973.314785	0.935577	10.291351	0.148191
1974.374859	0.843277	262.109375	-206.640625
1974.376860	0.937762	262.109375	-206.640625
1974.378860	0.934751	10.282259	0.175784
1975.395408	0.584407	156.542969	188.867187
1975.397415	0.894575	156.542969	188.867187
1975.401416	0.936170	156.542969	188.867187
1975.403417	0.932091	10.253004	0.149806
1976.459959	0.601661	273.437500	-208.007812
1976.461960	0.902521	273.437500	-208.007812
1976.463960	0.936328	273.437500	-208.007812
1976.465961	0.936191	10.298104	0.179116
1977.479976	0.391156	157.324219	189.062500
1977.481985	0.753193	157.324219	189.062500
1977.483991	0.937626	157.324219	189.062500
1977.485992	0.935861	10.294471	0.147868
1978.546994	0.462955	247.949219	-211.718750
1978.548996	0.815948	247.949219	-211.718750
1978.550996	0.938406	247.949219	-211.718750
1978.552996	0.935483	10.290314	0.178472
1979.569033	0.919453	152.148437	187.402344
1979.571036	0.936070	152.148437	187.402344
1979.573034	0.933670	10.270374	0.204061
1980.635117	0.728356	261.718750	-212.402344
1980.637117	0.935244	261.718750	-212.402344
1980.641116	0.933143	10.264579	0.178361
1981.654049	0.669182	155.273437	187.500000
1981.656050	0.924666	155.273437	187.500000
1981.658053	0.935064	155.273437	187.500000
1981.660052	0.932604	10.258640	0.144352
1982.722578	0.836767	230.859375	-216.113281
1982.724579	0.937828	230.859375	-216.113281
1982.726578	0.934920	10.284120	0.174745
1983.738647	0.459587	153.906250	186.132812
1983.740650	0.813541	153.906250	186.132812
1983.742651	0.939556	153.906250	186.132812
1983.744653	0.936494	10.301436	0.142398
1984.806699	0.462591	223.925781	-217.578125
1984.808700	0.816162	223.925781	-217.578125
1984.810703	0.941446	223.925781	-217.578125
1984.812701	0.938327	10.321598	0.176894
1985.826762	0.535837	156.542969	185.351562
1985.828765	0.867771	156.542969	185.351562
1985.830763	0.936915	156.542969	185.351562
1985.832764	0.934042	10.274460	0.144337
1986.895713	0.936123	227.246094	-217.773437
1986.897713	0.935676	10.292441	0.177574
1987.913739	0.573593	154.785156	182.812500
1987.915740	0.889330	154.785156	182.812500
1987.917742	0.936904	154.785156	182.812500
1987.919741	0.934317	10.277491	0.139644
1988.977739	0.302073	241.894531	-216.699219
1988.981739	0.925482	241.894531	-216.699219
1988.985739	0.934035	241.894531	-216.699219
1988.987741	0.932572	10.258295	0.176250
1990.000285	0.460747	154.785156	180.664062
1990.002287	0.814067	154.785156	180.664062
1990.004287	0.938396	154.785156	180.664062
1990.006287	0.935494	10.290439	0.139765
1991.064302	0.519961	211.035156	-219.140625
1991.068302	0.937073	211.035156	-219.140625
1991.070303	0.934134	211.035156	-219.140625
1991.072304	0.932462	10.257080	0.173337
1992.088319	0.641274	155.566406	178.417969
1992.090321	0.917449	155.566406	178.417969
1992.092322	0.936203	155.566406	178.417969
1992.094323	0.933795	10.271748	0.140663
1993.150892	0.623607	226.367187	-217.089844
1993.152893	0.911114	226.367187	-217.089844
1993.154894	0.935949	226.367187	-217.089844
1993.156893	0.933463	10.268097	0.170642
1994.174952	0.566664	155.371094	175.976562
1994.176954	0.885385	155.371094	175.976562
1994.178954	0.936319	155.371094	175.976562
1994.180956	0.933660	10.270259	0.138462
1995.239001	0.860985	236.328125	-214.941406
1995.241005	0.865253	236.328125	-214.941406
1995.243004	0.933623	10.269852	0.173654
1996.261597	0.680915	160.449219	174.511719
1996.263603	0.927707	160.449219	174.511719
1996.265607	0.935289	160.449219	174.511719
1996.267608	0.932857	10.261432	0.141438
1997.322556	0.555912	211.621094	-214.160156
1997.324558	0.879524	211.621094	-214.160156
1997.326557	0.936502	211.621094	-214.160156
1997.328560	0.933743	10.271172	0.169384
1998.346607	0.545703	159.570312	171.777344
1998.348609	0.873920	159.570312	171.777344
1998.350607	0.937195	159.570312	171.777344
1998.352610	0.934431	10.278741	0.137999
1999.409182	0.482585	248.144531	-210.351562
1999.411185	0.831313	248.144531	-210.351562
1999.413185	0.938256	248.144531	-210.351562
1999.415185	0.935216	10.287380	0.172393
2000.435709	0.937997	159.277344	169.433594
2000.437710	0.935839	159.277344	169.433594
2000.439709	0.933777	10.271544	0.143667
2001.496270	0.351288	243.066406	-208.496094
2001.498281	0.715366	243.066406	-208.496094
2001.500278	0.935566	243.066406	-208.496094
2001.502282	0.937202	243.066406	-208.496094
2001.504283	0.935194	10.287133	0.166883
2002.518797	0.852361	158.105469	167.187500
2002.520798	0.936829	158.105469	167.187500
2002.522800	0.933843	10.272270	0.139442
2003.585352	0.607015	232.226562	-207.714844
2003.587353	0.904594	232.226562	-207.714844
2003.589353	0.936178	232.226562	-207.714844
2003.591353	0.933726	10.270986	0.164275
2004.601367	0.506565	156.250000	165.625000
2004.603369	0.848447	156.250000	165.625000
2004.605368	0.936943	156.250000	165.625000
2004.607370	0.934010	10.274105	0.139889
2005.675391	0.835276	211.230469	-207.519531
2005.677393	0.937884	211.230469	-207.519531
2005.679393	0.934907	10.283978	0.162161
2006.687470	0.568693	155.175781	164.746094
2006.689475	0.886404	155.175781	164.746094
2006.691474	0.936224	155.175781	164.746094
2006.693474	0.933473	10.268203	0.134739
2007.761526	0.569391	229.687500	-207.031250
2007.763526	0.886845	229.687500	-207.031250
2007.765527	0.936333	229.687500	-207.031250
2007.767529	0.933624	10.269860	0.160054
2008.773562	0.923222	158.203125	164.453125
2008.775564	0.936078	158.203125	164.453125
2008.777563	0.933678	10.270453	0.244354
2009.848511	0.467547	248.535156	-207.324219
2009.850512	0.819649	248.535156	-207.324219
2009.852516	0.938522	248.535156	-207.324219
2009.854519	0.935609	10.291697	0.161370
2010.855092	0.442969	153.125000	163.769531
2010.857093	0.799448	153.125000	163.769531
2010.859095	0.938502	153.125000	163.769531
2010.861094	0.935577	10.291351	0.136876
2011.937142	0.637364	247.265625	-208.496094
2011.939145	0.915657	247.265625	-208.496094
2011.941145	0.935549	247.265625	-208.496094
2011.943146	0.932906	10.261964	0.162115
2012.941688	0.684535	151.171875	163.867187
2012.943691	0.929299	151.171875	163.867187
2012.945690	0.936360	151.171875	163.867187
2012.947691	0.934153	10.275682	0.136150
2014.025721	0.795178	242.675781	-210.253906
2014.027721	0.937502	242.675781	-210.253906
2014.029722	0.934545	10.279989	0.158296
2015.026288	0.475301	155.761719	165.039062
2015.028292	0.825711	155.761719	165.039062
2015.030290	0.938565	155.761719	165.039062
2015.032291	0.938456	10.323016	0.132438
2016.110894	0.531135	220.117187	-212.988281
2016.112898	0.864740	220.117187	-212.988281
2016.114898	0.936793	220.117187	-212.988281
2016.116897	0.933906	10.272963	0.158583
2017.112955	0.685250	155.078125	165.039062
2017.114956	0.928576	155.078125	165.039062
2017.116960	0.935029	155.078125	165.039062
2017.118962	0.932844	10.261281	0.133181
2018.199551	0.891449	205.664062	-214.941406
2018.201552	0.936504	205.664062	-214.941406
2018.203552	0.933931	10.273246	0.158349
2019.197566	0.454089	156.347656	165.429687
2019.199570	0.808548	156.347656	165.429687
2019.201571	0.938209	156.347656	165.429687
2019.203575	0.935295	10.288240	0.131196
2020.284147	0.588435	210.742187	-215.722656
2020.286150	0.896412	210.742187	-215.722656
2020.290147	0.933701	210.742187	-215.722656
2020.292151	0.931996	10.251959	0.162098
2021.284229	0.639065	153.808594	164.648437
2021.286229	0.916219	153.808594	164.648437
2021.288231	0.935587	153.808594	164.648437
2021.290231	0.933056	10.263612	0.148352
2022.374264	0.935997	201.464844	-216.503906
2022.376266	0.933507	10.268576	0.156985
2023.370284	0.577194	154.101562	164.355469
2023.372286	0.890891	154.101562	164.355469
2023.374287	0.936576	154.101562	164.355469
2023.376287	0.933873	10.272608	0.128168
2024.456354	0.668270	234.179687	-215.332031
2024.458355	0.924537	234.179687	-215.332031
2024.460357	0.935214	234.179687	-215.332031
2024.462356	0.932778	10.260554	0.292472
2025.457293	0.664731	155.664062	163.378906
2025.459296	0.923948	155.664062	163.378906
2025.461295	0.935575	155.664062	163.378906
2025.463297	0.933161	10.264773	0.260199
2026.542245	0.553632	226.171875	-216.113281
2026.544245	0.878295	226.171875	-216.113281
2026.546246	0.936544	226.171875	-216.113281
2026.548247	0.933682	10.270507	0.155353
2027.542794	0.502289	155.468750	162.109375
2027.546794	0.936898	155.468750	162.109375
2027.548795	0.933809	155.468750	162.109375
2027.550797	0.932023	10.252251	0.127348
2028.629363	0.890442	197.656250	-216.894531
2028.631365	0.936638	197.656250	-216.894531
2028.633366	0.934051	10.274566	0.154478
2029.627397	0.479071	154.394531	161.132812
2029.629399	0.828616	154.394531	161.132812
2029.631400	0.938612	154.394531	161.132812
2029.633400	0.935672	10.292397	0.127022
2030.713445	0.656035	200.195312	-216.601562
2030.715447	0.921249	200.195312	-216.601562
2030.717446	0.935165	200.195312	-216.601562
2030.719446	0.932647	10.259119	0.159365
2031.717474	0.749499	156.640625	160.058594
2031.719476	0.936951	156.640625	160.058594
2031.721476	0.935451	10.289960	0.129104
2032.798033	0.468673	220.117187	-214.746094
2032.800035	0.820596	220.117187	-214.746094
2032.802036	0.938988	220.117187	-214.746094
2032.806032	0.934254	10.276791	0.156153
2033.804062	0.621439	160.253906	158.789062
2033.806063	0.910010	160.253906	158.789062
2033.808063	0.935513	160.253906	158.789062
2033.810064	0.932920	10.262124	0.128883
2034.883023	0.606309	230.664062	-214.160156
2034.885025	0.903970	230.664062	-214.160156
2034.887026	0.935627	230.664062	-214.160156
2034.891024	0.931531	10.246845	0.158286
2035.895955	0.934489	154.980469	157.421875
2035.897956	0.932565	10.258215	0.127574
2036.967974	0.599147	219.238281	-214.355469
2036.969977	0.900919	219.238281	-214.355469
2036.971976	0.935686	219.238281	-214.355469
2036.973974	0.933037	10.263408	0.153193
2037.978547	0.534563	156.054687	156.640625
2037.986547	0.931837	156.054687	156.640625
2037.988550	0.930905	156.054687	156.640625
2037.990549	0.930220	10.232417	0.124702
2039.050594	0.378575	201.953125	-215.625000
2039.052605	0.741271	201.953125	-215.625000
2039.054613	0.937126	201.953125	-215.625000
2039.056615	0.935987	10.295862	0.157915
2040.064624	0.380120	153.613281	155.566406
2040.066626	0.742653	153.613281	155.566406
2040.068626	0.936902	153.613281	155.566406
2040.070630	0.935841	10.294250	0.126822
2041.136740	0.635688	188.769531	-217.578125
2041.138744	0.915976	188.769531	-217.578125
2041.140742	0.936737	188.769531	-217.578125
2041.142740	0.934409	10.278502	0.157506
2042.154765	0.835836	154.296875	155.566406
2042.156766	0.937135	154.296875	155.566406
2042.158767	0.934017	10.274185	0.126051
2043.220829	0.565669	181.835937	-219.726562
2043.222832	0.884655	181.835937	-219.726562
2043.224833	0.936123	181.835937	-219.726562
2043.226833	0.933380	10.267175	0.157536
2044.240887	0.523669	157.714844	156.250000
2044.242889	0.859624	157.714844	156.250000
2044.244889	0.936296	157.714844	156.250000
2044.246890	0.933317	10.266483	0.123421
2045.304926	0.517744	219.335937	-221.777344
2045.306926	0.856120	219.335937	-221.777344
2045.308927	0.937339	219.335937	-221.777344
2045.310928	0.934450	10.278953	0.159627
2046.326935	1.472001	155.371094	156.347656
2046.328935	0.750484	155.371094	156.347656
2046.330935	0.936962	155.371094	156.347656
2046.334933	0.933237	10.265607	0.122258
2047.390984	0.663609	192.773437	-225.292969
2047.392988	0.923445	192.773437	-225.292969
2047.394986	0.935415	192.773437	-225.292969
2047.396986	0.932958	10.262540	0.279331
2048.417059	0.822143	155.761719	157.714844
2048.419058	0.937737	155.761719	157.714844
2048.421058	0.934731	10.282037	0.121350
2049.475107	0.343410	181.835937	-228.222656
2049.477108	0.707902	181.835937	-228.222656
2049.479111	0.933367	181.835937	-228.222656
2049.481108	0.936103	181.835937	-228.222656
2049.483109	0.933877	10.272643	0.156481
2050.501183	0.468163	154.687500	158.398437
2050.503185	0.820086	154.687500	158.398437
2050.505184	0.938225	154.687500	158.398437
2050.507187	0.935204	10.287249	0.122290
2051.561221	0.335801	182.910156	-231.152344
2051.567221	0.935421	182.910156	-231.152344
2051.569223	0.933139	182.910156	-231.152344
2051.571222	0.931832	10.250151	0.156273
2052.587268	0.457356	156.542969	159.375000
2052.589271	0.811241	156.542969	159.375000
2052.591272	0.938407	156.542969	159.375000
2052.595269	0.933487	10.268353	0.122494
2053.647296	0.444975	172.558594	-233.593750
2053.649297	0.801056	172.558594	-233.593750
2053.651297	0.938482	172.558594	-233.593750
2053.653298	0.935639	10.292034	0.156935
2054.673362	0.448278	153.710937	159.375000
2054.675363	0.803704	153.710937	159.375000
2054.677362	0.937724	153.710937	159.375000
2054.679363	0.934722	10.281940	0.120311
2055.735387	1.595135	189.941406	-235.058594
2055.737389	0.927476	189.941406	-235.058594
2055.739389	0.935141	189.941406	-235.058594
2055.741390	0.932793	10.260723	0.348916
2056.760343	0.643939	155.859375	160.156250
2056.762346	0.917912	155.859375	160.156250
2056.764347	0.935550	155.859375	160.156250
2056.766348	0.933123	10.264357	0.122721
2057.820895	0.679379	194.140625	-236.718750
2057.822897	0.927382	194.140625	-236.718750
2057.826894	0.932890	194.140625	-236.718750
2057.828896	0.931659	10.248254	0.342536
2058.847828	0.923150	149.804687	159.960937
2058.849832	0.935521	149.804687	159.960937
2058.851835	0.933202	10.265224	0.232708
2059.907875	0.552333	151.269531	-237.695312
2059.909876	0.877304	151.269531	-237.695312
2059.911878	0.936086	151.269531	-237.695312
2059.913876	0.933360	10.266962	0.160926
2060.929956	0.318213	153.906250	160.156250
2060.931957	0.683960	153.906250	160.156250
2060.933957	0.929307	153.906250	160.156250
2060.935959	0.936443	153.906250	160.156250
2060.937957	0.934303	10.277330	0.120617
2061.993976	0.461601	192.968750	-239.062500
2061.995977	0.928512	192.968750	-239.062500
2061.997976	0.929641	192.968750	-239.062500
2061.999978	0.932866	10.261520	0.155138
2063.016942	0.473909	157.421875	159.570312
2063.018944	0.824505	157.421875	159.570312
2063.020946	0.937998	157.421875	159.570312
2063.022943	0.934990	10.284890	0.117132
2064.078951	0.518634	160.546875	-239.355469
2064.080951	0.856525	160.546875	-239.355469
2064.082951	0.936699	160.546875	-239.355469
2064.084952	0.933845	10.272298	0.153973
2065.106972	0.937373	156.738281	159.277344
2065.108976	0.934343	156.738281	159.277344
2065.110974	0.932351	10.255857	0.117386
2066.165928	0.529971	152.734375	-238.867187
2066.167929	0.863846	152.734375	-238.867187
2066.169932	0.936367	152.734375	-238.867187
2066.171931	0.933599	10.269594	0.150296
2067.189998	0.659880	157.324219	158.984375
2067.192000	0.922376	157.324219	158.984375
2067.194001	0.935216	157.324219	158.984375
2067.196000	0.932795	10.260741	0.120986
2068.252558	0.734269	181.054687	-238.769531
2068.254560	0.935842	181.054687	-238.769531
2068.256560	0.935316	10.288471	0.561689
2069.275495	0.519982	158.203125	158.007812
2069.277496	0.857329	158.203125	158.007812
2069.279498	0.936516	158.203125	158.007812
2069.281498	0.933396	10.267352	0.117268
2070.337532	0.685233	152.050781	-237.207031
2070.339535	0.928686	152.050781	-237.207031
2070.341534	0.935370	152.050781	-237.207031
2070.343533	0.933168	10.264844	0.152754
2071.365545	0.934966	157.031250	156.640625
2071.367547	0.935351	157.031250	156.640625
2071.369547	0.933314	10.266457	0.493234
2072.422507	0.495458	193.457031	-236.718750
2072.424509	0.840345	193.457031	-236.718750
2072.426511	0.936928	193.457031	-236.718750
2072.428509	0.933824	10.272067	0.153457
2073.448546	0.588117	156.445312	155.273437
2073.450548	0.896061	156.445312	155.273437
2073.452547	0.935709	156.445312	155.273437
2073.454547	0.933095	10.264047	0.115847
2074.511085	0.900362	153.222656	-234.765625
2074.513086	0.935618	153.222656	-234.765625
2074.515086	0.933024	10.263267	0.148363
2075.535185	0.718195	156.542969	153.808594
2075.537181	0.934981	156.542969	153.808594
2075.539181	0.935577	156.542969	153.808594
2075.541181	0.933340	10.266741	0.119550
2076.595715	0.687115	191.406250	-233.789062
2076.599716	0.930263	191.406250	-233.789062
2076.601717	0.932720	191.406250	-233.789062
2076.603719	0.932673	10.259403	0.151187
2077.619719	0.479508	153.027344	151.953125
2077.621720	0.828801	153.027344	151.953125
2077.623721	0.938259	153.027344	151.953125
2077.625720	0.935412	10.289535	0.117428
2078.681729	0.545248	161.328125	-231.152344
2078.683729	0.873041	161.328125	-231.152344
2078.685728	0.935998	161.328125	-231.152344
2078.687728	0.933201	10.265217	0.153106
2079.705742	0.481358	154.980469	150.292969
2079.707745	0.830222	154.980469	150.292969
2079.709747	0.938116	154.980469	150.292969
2079.711751	0.935162	10.286787	0.115813
2080.767774	0.315006	174.218750	-229.492187
2080.769775	0.680787	174.218750	-229.492187
2080.771776	0.927308	174.218750	-229.492187
2080.773775	0.934873	174.218750	-229.492187
2080.775776	0.932464	10.257108	0.148929
2081.791797	0.696210	150.878906	149.121094
2081.793799	0.931043	150.878906	149.121094
2081.795799	0.935655	150.878906	149.121094
2081.797799	0.933188	10.265065	0.372974
2082.857842	0.918390	157.324219	-226.269531
2082.859844	0.935233	157.324219	-226.269531
2082.861843	0.932762	10.260378	0.207621
2083.875884	0.531845	155.859375	148.339844
2083.877887	0.865089	155.859375	148.339844
2083.879887	0.936746	155.859375	148.339844
2083.881887	0.933822	10.272040	0.114475
2084.943944	0.722165	201.464844	-225.292969
2084.945946	0.934733	201.464844	-225.292969
2084.947946	0.935300	201.464844	-225.292969
2084.951944	0.931848	10.250328	0.153056
2085.961989	0.851326	154.980469	147.949219
2085.963989	0.936154	154.980469	147.949219
2085.965991	0.933295	10.266245	0.115983
2087.032035	0.377049	170.605469	-223.535156
2087.034035	0.739688	170.605469	-223.535156
2087.036035	0.936879	170.605469	-223.535156
2087.038035	0.935980	10.295782	0.143249
2088.044086	0.370736	154.882812	147.656250
2088.046087	0.733758	154.882812	147.656250
2088.048087	0.938794	154.882812	147.656250
2088.050088	0.938384	10.322219	0.116731
2089.116119	0.353009	174.707031	-223.242187
2089.118121	0.716930	174.707031	-223.242187
2089.120120	0.935555	174.707031	-223.242187
2089.122119	0.937045	174.707031	-223.242187
2089.124120	0.934986	10.284846	0.148797
2090.132151	0.914943	150.488281	147.363281
2090.134155	0.935560	150.488281	147.363281
2090.136154	0.933019	10.263213	0.113933
2091.204180	0.424583	198.242187	-223.828125
2091.206182	0.783345	198.242187	-223.828125
2091.208180	0.938029	198.242187	-223.828125
2091.212181	0.933338	10.266723	0.145432
2092.216739	0.869322	157.617187	147.558594
2092.218741	0.936483	157.617187	147.558594
2092.220740	0.933600	10.269604	0.112992
2093.295704	0.936838	197.265625	-223.828125
2093.297706	0.933562	10.269177	0.143747
2094.302259	0.870253	148.339844	148.437500
2094.304261	0.936411	148.339844	148.437500
2094.306262	0.933578	10.269355	0.112559
2095.380298	0.787546	195.605469	-223.925781
2095.382300	0.938555	195.605469	-223.925781
2095.384299	0.935807	10.293877	0.145195
2096.384875	0.519715	157.324219	148.925781
2096.386878	0.857250	157.324219	148.925781
2096.388877	0.936746	157.324219	148.925781
2096.390877	0.933873	10.272598	0.111663
2097.465839	0.610959	183.398437	-224.609375
2097.467843	0.906187	183.398437	-224.609375
2097.469842	0.936171	183.398437	-224.609375
2097.471846	0.933687	10.270560	0.143666
2098.469867	0.328770	153.515625	148.632812
2098.471869	0.693859	153.515625	148.632812
2098.473868	0.930117	153.515625	148.632812
2098.475869	0.934834	153.515625	148.632812
2098.477870	0.932593	10.258526	0.113479
2099.551908	0.552655	183.984375	-225.390625
2099.553910	0.877493	183.984375	-225.390625
2099.555909	0.935917	183.984375	-225.390625
2099.557909	0.933026	10.263285	0.142718
2100.557942	0.751839	156.152344	148.535156
2100.559943	0.936216	156.152344	148.535156
2100.561943	0.934326	10.277588	0.111962
2101.638541	0.641397	196.093750	-225.585937
2101.640544	0.916824	196.093750	-225.585937
2101.642544	0.935304	196.093750	-225.585937
2101.644542	0.932708	10.259793	0.163831
2102.643492	0.690731	148.437500	149.023437
2102.645491	0.929734	148.437500	149.023437
2102.647493	0.935254	148.437500	149.023437
2102.649492	0.933016	10.263178	0.111810
2103.723508	0.355514	183.203125	-225.097656
2103.725530	0.719241	183.203125	-225.097656
2103.727537	0.935636	183.203125	-225.097656
2103.729537	0.936342	183.203125	-225.097656
2103.731535	0.934373	10.278102	0.143504
2104.729577	0.610358	155.566406	148.632812
2104.731578	0.905960	155.566406	148.632812
2104.733577	0.936156	155.566406	148.632812
2104.735577	0.933608	10.269691	0.107554
2105.810131	0.677919	201.855469	-225.390625
2105.812134	0.926707	201.855469	-225.390625
2105.814137	0.934918	201.855469	-225.390625
2105.816139	0.932563	10.258188	0.326460
2106.816207	0.809360	156.933594	148.437500
2106.818209	0.937990	156.933594	148.437500
2106.820208	0.934979	10.284766	0.111406
2107.896778	0.808723	188.476562	-225.292969
2107.898779	0.937894	188.476562	-225.292969
2107.900782	0.934917	10.284084	0.144253
2108.903325	0.854329	147.851562	147.363281
2108.905328	0.936563	147.851562	147.363281
2108.907329	0.933572	10.269293	0.110003
2109.981344	0.645389	191.992187	-225.488281
2109.983344	0.918215	191.992187	-225.488281
2109.985345	0.935371	191.992187	-225.488281
2109.987346	0.932886	10.261751	0.196347
2110.989911	0.829753	148.730469	146.777344
2110.991910	0.937559	148.730469	146.777344
2110.993913	0.934643	10.281071	0.110432
2112.065925	0.571638	175.585937	-224.804687
2112.067927	0.887668	175.585937	-224.804687
2112.069927	0.935720	175.585937	-224.804687
2112.071927	0.933058	10.263638	0.142745
2113.074017	0.403298	149.316406	145.703125
2113.076019	0.764193	149.316406	145.703125
2113.078021	0.936858	149.316406	145.703125
2113.082017	0.932589	10.258481	0.110648
2114.150109	0.450223	166.210937	-224.609375
2114.152111	0.805380	166.210937	-224.609375
2114.154111	0.810804	166.210937	-224.609375
2114.156110	0.935286	10.288143	0.143230
2115.164164	0.911554	148.339844	145.605469
2115.166168	0.935512	148.339844	145.605469
2115.168167	0.932989	10.262877	0.108911
2116.236194	0.578373	171.289062	-225.292969
2116.238197	0.891293	171.289062	-225.292969
2116.240196	0.935946	171.289062	-225.292969
2116.242197	0.933210	10.265305	0.140686
2117.250244	0.697611	152.343750	145.605469
2117.252248	0.930523	152.343750	145.605469
2117.254245	0.934495	152.343750	145.605469
2117.256246	0.932317	10.255486	0.374393
2118.320274	0.528438	165.039062	-225.683594
2118.322276	0.862877	165.039062	-225.683594
2118.324275	0.936567	165.039062	-225.683594
2118.326275	0.933541	10.268947	0.142588
2119.336333	0.502336	152.050781	145.312500
2119.340332	0.936950	152.050781	145.312500
2119.342336	0.933768	152.050781	145.312500
2119.344335	0.931962	10.251577	0.110584
2120.404446	0.424062	178.515625	-227.050781
2120.406447	0.782852	178.515625	-227.050781
2120.408447	0.938176	178.515625	-227.050781
2120.410448	0.935405	10.289454	0.142891
2121.422449	0.380054	150.390625	145.898437
2121.424448	0.742608	150.390625	145.898437
2121.426449	0.936781	150.390625	145.898437
2121.428450	0.935722	10.292937	0.111491
2122.494527	0.935402	181.250000	-228.808594
2122.496530	0.932956	181.250000	-228.808594
2122.498530	0.931638	10.248023	0.280903
2123.511510	0.652950	154.199219	146.191406
2123.513513	0.920196	154.199219	146.191406
2123.517510	0.932366	154.199219	146.191406
2123.519511	0.931031	10.241342	0.192971
2124.575523	0.574392	169.921875	-230.371094
2124.579527	0.935584	169.921875	-230.371094
2124.581529	0.933001	169.921875	-230.371094
2124.583527	0.931397	10.245364	0.139331
2125.597582	0.593976	154.394531	147.167969
2125.599583	0.898881	154.394531	147.167969
2125.601587	0.935992	154.394531	147.167969
2125.603585	0.933460	10.268062	0.107991
2126.659641	0.440721	159.667969	-232.324219
2126.661641	0.797184	159.667969	-232.324219
2126.663640	0.936931	159.667969	-232.324219
2126.665641	0.933944	10.273378	0.142974
2127.683656	0.490345	151.464844	147.851562
2127.685657	0.836726	151.464844	147.851562
2127.687657	0.937170	151.464844	147.851562
2127.689656	0.934097	10.275063	0.109524
2128.745724	0.570123	161.328125	-234.863281
2128.747726	0.887077	161.328125	-234.863281
2128.749725	0.936069	161.328125	-234.863281
2128.751726	0.933376	10.267131	0.140089
2129.769720	0.406176	154.003906	148.730469
2129.771721	0.766749	154.003906	148.730469
2129.773720	0.937671	154.003906	148.730469
2129.775719	0.935342	10.288763	0.108971
2130.831770	0.620763	155.566406	-236.914062
2130.833772	0.909514	155.566406	-236.914062
2130.835771	0.935270	155.566406	-236.914062
2130.837772	0.932726	10.259988	0.138794
2131.857863	0.698968	153.320312	149.023437
2131.859865	0.930548	153.320312	149.023437
2131.861868	0.934374	153.320312	149.023437
2131.863865	0.932027	10.252295	0.109367
2132.918422	0.712189	170.898437	-239.257812
2132.920423	0.933024	170.898437	-239.257812
2132.922423	0.934896	170.898437	-239.257812
2132.924425	0.932571	10.258286	0.462652
2133.942465	0.466637	155.273437	149.902344
2133.948463	0.935842	155.273437	149.902344
2133.950465	0.934146	155.273437	149.902344
2133.952465	0.932753	10.260280	0.107592
2135.003043	0.692702	171.289062	-240.820312
2135.005045	0.929609	171.289062	-240.820312
2135.007045	0.934629	171.289062	-240.820312
2135.009046	0.932214	10.254351	0.145492
2136.029609	0.599400	150.488281	151.464844
2136.031611	0.900777	150.488281	151.464844
2136.033611	0.935191	150.488281	151.464844
2136.035610	0.932423	10.256656	0.106368
2137.089649	0.613492	174.121094	-241.015625
2137.091649	0.906594	174.121094	-241.015625
2137.093651	0.935083	174.121094	-241.015625
2137.095648	0.932550	10.258047	0.143059
2138.114592	0.507183	148.144531	153.027344
2138.118593	0.936489	148.144531	153.027344
2138.122593	0.931788	148.144531	153.027344
2138.124596	0.930825	10.239073	0.106981
2139.176660	0.748066	142.187500	-239.160156
2139.178661	0.936995	142.187500	-239.160156
2139.180660	0.935649	10.292140	0.141303
2140.200707	0.477896	154.785156	153.125000
2140.202710	0.827452	154.785156	153.125000
2140.204710	0.832907	154.785156	153.125000
2140.206710	0.934773	10.282498	0.110933
2141.261281	0.474042	140.429687	-239.062500
2141.263281	0.824532	140.429687	-239.062500
2141.265282	0.938110	140.429687	-239.062500
2141.267283	0.935178	10.286956	0.139588
2142.287369	0.688491	154.589844	153.320312
2142.289371	0.929238	154.589844	153.320312
2142.291369	0.935116	154.589844	153.320312
2142.293370	0.932752	10.260271	0.109525
2143.347935	0.564053	173.437500	-241.113281
2143.349935	0.883590	173.437500	-241.113281
2143.351938	0.935676	173.437500	-241.113281
2143.355934	0.931338	10.244719	0.141630
2144.371967	0.432069	155.761719	153.515625
2144.373968	0.789747	155.761719	153.515625
2144.375967	0.937336	155.761719	153.515625
2144.377968	0.934441	10.278847	0.106048
2145.432545	0.307347	167.871094	-240.429687
2145.434548	0.673398	167.871094	-240.429687
2145.436548	0.925621	167.871094	-240.429687
2145.438547	0.934822	167.871094	-240.429687
2145.440547	0.932445	10.256895	0.140820
2146.461140	0.886017	153.417969	153.417969
2146.463139	0.935343	153.417969	153.417969
2146.465141	0.932583	10.258410	0.105817
2147.519798	0.510726	149.316406	-238.964844
2147.521804	0.851134	149.316406	-238.964844
2147.523810	0.936807	149.316406	-238.964844
2147.525810	0.933769	10.271464	0.139600
2148.543867	0.381702	156.738281	152.636719
2148.545868	0.743968	156.738281	152.636719
2148.547870	0.936688	156.738281	152.636719
2148.549873	0.935454	10.289995	0.107491
2149.604834	0.445857	169.335937	-239.062500
2149.606836	0.801700	169.335937	-239.062500
2149.608837	0.938080	169.335937	-239.062500
2149.610837	0.935175	10.286929	0.144355
2150.631802	0.659780	148.632812	153.417969
2150.633803	0.922132	148.632812	153.417969
2150.635802	0.934941	148.632812	153.417969
2150.637802	0.932571	10.258277	0.109015
2151.693880	0.627085	163.769531	-237.792969
2151.695882	0.936003	163.769531	-237.792969
2151.697880	0.933226	10.265482	0.139460
2152.716433	0.386891	149.902344	151.855469
2152.718433	0.748885	149.902344	151.855469
2152.720433	0.935884	149.902344	151.855469
2152.722434	0.934163	10.275798	0.106429
2153.780520	0.931941	161.621094	-236.328125
2153.782524	0.935471	161.621094	-236.328125
2153.784522	0.933228	10.265509	0.413177
2154.803094	0.528407	149.902344	151.562500
2154.805096	0.862755	149.902344	151.562500
2154.807094	0.936167	149.902344	151.562500
2154.809094	0.933279	10.266067	0.107341
2155.865136	0.740918	137.402344	-232.519531
2155.869136	0.935183	137.402344	-232.519531
2155.871139	0.933111	10.264224	0.582174
2156.889154	0.559074	152.246094	150.878906
2156.891156	0.880795	152.246094	150.878906
2156.895154	0.932675	152.246094	150.878906
2156.897154	0.931207	10.243273	0.106368
2157.949227	0.370079	162.890625	-231.347656
2157.951231	0.733052	162.890625	-231.347656
2157.953230	0.935486	162.890625	-231.347656
2157.955229	0.935013	10.285148	0.141915
2158.979317	0.937290	154.394531	150.000000
2158.983319	0.932604	10.258650	0.108891
2160.037864	0.635747	167.480469	-229.492187
2160.039867	0.644885	167.480469	-229.492187
2160.041866	0.935511	167.480469	-229.492187
2160.043865	0.933005	10.263054	0.140043
2161.062414	0.880404	155.957031	149.121094
2161.064416	0.936103	155.957031	149.121094
2161.068413	0.931735	10.249086	0.108565
2162.122962	1.358128	149.902344	-226.269531
2162.126962	0.937721	149.902344	-226.269531
2162.128964	0.934740	149.902344	-226.269531
2162.130964	0.932878	10.261654	0.143344
2163.145015	0.466212	151.464844	148.925781
2163.147020	0.818522	151.464844	148.925781
2163.149022	0.938881	151.464844	148.925781
2163.151023	0.935958	10.295543	0.107607
2164.211085	0.710509	163.378906	-225.000000
2164.213085	0.932559	163.378906	-225.000000
2164.215086	0.934566	163.378906	-225.000000
2164.217085	0.932328	10.255610	0.455021
2165.231149	0.649153	149.707031	148.437500
2165.233151	0.919009	149.707031	148.437500
2165.235151	0.934847	149.707031	148.437500
2165.239149	0.931025	10.241270	0.165890
2166.297202	0.567071	172.167969	-224.023437
2166.299203	0.885212	172.167969	-224.023437
2166.301207	0.935628	172.167969	-224.023437
2166.303207	0.932895	10.261848	0.136751
2167.315269	0.468991	150.195312	148.046875
2167.317277	0.820690	150.195312	148.046875
2167.319279	0.938347	150.195312	148.046875
2167.321281	0.935289	10.288178	0.106835
2168.383335	0.474468	178.222656	-223.828125
2168.385337	0.824645	178.222656	-223.828125
2168.387339	0.937530	178.222656	-223.828125
2168.389337	0.934445	10.278891	0.138193
2169.401875	0.689644	150.585937	146.679687
2169.403877	0.929280	150.585937	146.679687
2169.405879	0.934934	150.585937	146.679687
2169.407883	0.932641	10.259048	0.106616
2170.469927	0.458319	194.335937	-223.925781
2170.471929	0.811865	194.335937	-223.925781
2170.473929	0.937927	194.335937	-223.925781
2170.475929	0.934856	10.283420	0.142355
2171.485972	0.501497	153.027344	146.093750
2171.487973	0.844547	153.027344	146.093750
2171.489975	0.936464	153.027344	146.093750
2171.491975	0.933175	10.264924	0.108253
2172.556551	0.360404	163.378906	-221.386719
2172.558553	0.723827	163.378906	-221.386719
2172.560552	0.933733	163.378906	-221.386719
2172.562553	0.933972	10.273697	0.138488
2173.570613	0.416601	146.777344	146.582031
2173.572615	0.776136	146.777344	146.582031
2173.574615	0.936692	146.777344	146.582031
2173.576615	0.934027	10.274301	0.104998
2174.646656	0.924447	151.464844	-219.726562
2174.648658	0.935262	151.464844	-219.726562
2174.650662	0.932804	10.260847	0.283083
2175.656719	0.548308	149.707031	146.679687
2175.658721	0.874804	149.707031	146.679687
2175.660721	0.935881	149.707031	146.679687
2175.662722	0.932857	10.261423	0.103477
2176.730767	0.525741	167.382812	-220.019531
2176.732767	0.860900	167.382812	-220.019531
2176.734769	0.936038	167.382812	-220.019531
2176.736767	0.933115	10.264268	0.136576
2177.740819	0.312062	152.539062	146.777344
2177.742821	0.677892	152.539062	146.777344
2177.744820	0.926849	152.539062	146.777344
2177.746822	0.935107	152.539062	146.777344
2177.748821	0.932680	10.259482	0.105939
2178.816880	0.427547	170.019531	-220.214844
2178.818882	0.785862	170.019531	-220.214844
2178.820883	0.937715	170.019531	-220.214844
2178.822885	0.934896	10.283854	0.137350
2179.828919	0.625414	147.363281	147.851562
2179.830922	0.911305	147.363281	147.851562
2179.832922	0.935370	147.363281	147.851562
2179.834922	0.932823	10.261051	0.100371
2180.904975	0.817635	161.718750	-219.335937
2180.906978	0.937615	161.718750	-219.335937
2180.908978	0.934472	10.279192	0.138001
2181.913038	0.536450	144.921875	147.851562
2181.915040	0.867841	144.921875	147.851562
2181.917039	0.936162	144.921875	147.851562
2181.919039	0.933209	10.265296	0.105768
2182.989497	0.344186	172.656250	-219.628906
2182.991499	0.708458	172.656250	-219.628906
2182.993499	0.932485	172.656250	-219.628906
2182.995500	0.934832	172.656250	-219.628906
2182.997500	0.932523	10.257754	0.136566
2183.999591	0.611109	153.613281	146.972656
2184.001593	0.905674	153.613281	146.972656
2184.003593	0.935305	153.613281	146.972656
2184.005594	0.932662	10.259287	0.101429
2185.076102	0.663433	155.273437	-218.652344
2185.078104	0.923697	155.273437	-218.652344
2185.080104	0.935817	155.273437	-218.652344
2185.082104	0.933446	10.267910	0.262953
2186.086159	0.642520	154.003906	147.070312
2186.088161	0.917365	154.003906	147.070312
2186.090160	0.935486	154.003906	147.070312
2186.092160	0.932957	10.262523	0.104012
2187.160724	0.336523	173.339844	-219.628906
2187.162725	0.701112	173.339844	-219.628906
2187.164725	0.931260	173.339844	-219.628906
2187.166724	0.934789	173.339844	-219.628906
2187.168724	0.932449	10.256939	0.136631
2188.172767	0.677604	145.214844	148.242187
2188.174768	0.926568	145.214844	148.242187
2188.176767	0.934771	145.214844	148.242187
2188.178768	0.932414	10.256549	0.102867
2189.246822	0.519749	171.777344	-219.335937
2189.250822	0.936084	171.777344	-219.335937
2189.252824	0.933033	171.777344	-219.335937
2189.254824	0.931367	10.245037	0.136283
2190.258887	0.582505	153.027344	147.070312
2190.260889	0.892890	153.027344	147.070312
2190.262889	0.935193	153.027344	147.070312
2190.264890	0.932459	10.257045	0.098888
2191.335849	0.934298	182.519531	-219.921875
2191.337851	0.934395	182.519531	-219.921875
2191.339850	0.932184	10.254024	0.137277
2192.344359	0.554748	150.390625	147.753906
2192.346360	0.878264	150.390625	147.753906
2192.350365	0.932431	150.390625	147.753906
2192.352364	0.931002	10.241022	0.102651
2193.418426	0.672973	193.066406	-220.605469
2193.420429	0.926116	193.066406	-220.605469
2193.422427	0.935678	193.066406	-220.605469
2193.424429	0.933289	10.266173	0.138252
2194.429366	0.343532	150.195312	147.558594
2194.431368	0.707710	150.195312	147.558594
2194.433368	0.932361	150.195312	147.558594
2194.435368	0.934895	150.195312	147.558594
2194.437369	0.932624	10.258862	0.104762
2195.505427	0.849749	151.855469	-217.480469
2195.507430	0.936236	151.855469	-217.480469
2195.509430	0.933143	10.264569	0.134621
2196.517434	0.511813	151.464844	147.851562
2196.519437	0.851826	151.464844	147.851562
2196.521438	0.936609	151.464844	147.851562
2196.523437	0.933519	10.268707	0.101987
2197.587500	0.318530	153.710937	-217.871094
2197.589501	0.684004	153.710937	-217.871094
2197.591500	0.928645	153.710937	-217.871094
2197.593500	0.935630	153.710937	-217.871094
2197.595501	0.933243	10.265677	0.140383
2198.603572	0.366620	147.656250	148.339844
2198.605576	0.729703	147.656250	148.339844
2198.607577	0.935577	147.656250	148.339844
2198.609576	0.935535	10.290882	0.103328
2199.673592	0.499873	153.320312	-218.847656
2199.675594	0.843368	153.320312	-218.847656
2199.677596	0.936665	153.320312	-218.847656
2199.679595	0.933540	10.268938	0.134929
2200.693600	0.861377	153.515625	147.753906
2200.695600	0.936141	153.515625	147.753906
2200.697600	0.933073	10.263798	0.099995
2201.758160	0.492453	185.449219	-222.656250
2201.764160	0.934318	185.449219	-222.656250
2201.766163	0.932495	185.449219	-222.656250
2201.768163	0.931337	10.244709	0.139230
2202.777094	0.407864	155.664062	147.851562
2202.779095	0.768259	155.664062	147.851562
2202.783093	0.935067	155.664062	147.851562
2202.785095	0.933054	10.263595	0.102043
2203.844075	0.542151	155.273437	-220.703125
2203.846074	0.871095	155.273437	-220.703125
2203.850074	0.932763	155.273437	-220.703125
2203.852076	0.931331	10.244638	0.134405
2204.864104	0.426519	149.804687	150.292969
2204.866106	0.784788	149.804687	150.292969
2204.868107	0.936472	149.804687	150.292969
2204.870107	0.933569	10.269258	0.103236
2205.930163	0.761616	144.824219	-220.703125
2205.934163	0.934161	144.824219	-220.703125
2205.936164	0.932141	10.253553	0.136863
2206.952198	0.591772	153.320312	150.390625
2206.954201	0.897653	153.320312	150.390625
2206.956200	0.935705	153.320312	150.390625
2206.958200	0.933023	10.263258	0.098716
2208.016769	0.890204	176.855469	-226.171875
2208.018770	0.935648	176.855469	-226.171875
2208.020771	0.932895	10.261848	0.134967
