time (s)	energy (uJ)	charge (mC)	voltage (mV)	crossing#mod 255
432620.638948	55.649673	0.004506	12.349414	152
432621.718910	30.561989	0.004479	6.823085	153
432622.734888	32.995560	0.004486	7.355417	154
432623.785071	30.007719	0.004487	6.687830	155
432624.799059	31.601181	0.004487	7.042715	156
432625.881155	30.667570	0.004490	6.829442	157
432626.895664	33.043911	0.004489	7.361164	158
432627.977640	30.466480	0.004482	6.796841	159
432628.992689	32.653580	0.004482	7.285990	160
432630.074751	30.677395	0.004480	6.847983	161
432631.091400	33.145866	0.004502	7.362060	162
432632.171407	31.308128	0.004478	6.991351	163
432633.187403	34.410313	0.004482	7.676968	164
432634.237492	29.656513	0.004484	6.613790	165
432635.288022	32.151352	0.004476	7.182834	166
432636.334591	33.119553	0.004492	7.373035	167
432637.350605	33.268818	0.004487	7.413856	168
432638.433161	32.341938	0.004500	7.187573	169
432639.447248	34.273216	0.004496	7.623861	170
432640.527258	32.603725	0.004484	7.271574	171
432641.543249	36.153934	0.004481	8.068572	172
432642.624233	31.745108	0.004490	7.070058	173
432643.642317	36.769119	0.004478	8.211207	174
432644.722896	32.077820	0.004504	7.122494	175
432645.738927	35.509769	0.004506	7.880268	176
432646.786613	32.697834	0.004478	7.302551	177
432647.804960	33.654057	0.004484	7.505383	178
432648.885024	33.594933	0.004493	7.477625	179
432649.898998	36.394299	0.004485	8.115105	180
432650.980887	31.712717	0.004486	7.069863	181
432651.996707	33.949154	0.004479	7.580033	182
432653.079070	33.877655	0.004489	7.547208	183
432654.095079	35.793282	0.004484	7.981943	184
432655.177118	35.552414	0.004499	7.901698	185
432656.193711	37.126751	0.004490	8.269453	186
432657.271692	34.468601	0.004485	7.684973	187
432658.287677	36.049221	0.004476	8.053374	188
432659.337753	35.038258	0.004481	7.818949	189
432660.385360	35.571285	0.004508	7.890056	190
432661.433708	35.417290	0.004480	7.906503	191
432662.450335	37.825420	0.004490	8.425239	192
432663.534388	36.224487	0.004485	8.077209	193
432664.546325	38.328732	0.004470	8.574328	194
432665.628253	36.135998	0.004480	8.065828	195
432666.644559	39.757336	0.004492	8.851622	196
432667.724539	36.560654	0.004493	8.136346	197
432668.742581	39.223125	0.004487	8.741947	198
432669.789081	35.393349	0.004484	7.893709	199
432670.841146	36.880016	0.004478	8.235500	200
432671.887693	36.152977	0.004484	8.062140	201
432672.903674	40.012638	0.004497	8.896877	202
432673.983653	35.692661	0.004479	7.969647	203
432675.000628	38.367611	0.004498	8.530109	204
432676.081012	37.487312	0.004469	8.388742	205
432677.099882	40.463989	0.004486	9.020611	206
432678.177731	37.349518	0.004485	8.327586	207
432679.193760	41.103775	0.004480	9.174130	208
432680.274638	36.661152	0.004464	8.212255	209
432681.291921	40.690254	0.004486	9.070782	210
432682.339737	36.486103	0.004466	8.169394	211
432683.387948	40.286758	0.004487	8.979291	212
432684.437980	39.222324	0.004503	8.710490	213
432685.487348	37.839828	0.004482	8.443398	214
432686.533948	39.999710	0.004477	8.933540	215
432687.549973	41.675335	0.004477	9.308733	216
432688.630638	39.953266	0.004483	8.912195	217
432689.648678	42.732479	0.004474	9.551439	218
432690.729240	38.736881	0.004491	8.625958	219
432691.744106	41.051060	0.004480	9.163887	220
432692.826200	40.743866	0.004489	9.076817	221
432693.842223	42.063473	0.004493	9.362883	222
432694.890069	38.216736	0.004480	8.531363	223
432695.940290	42.560123	0.004482	9.495067	224
432696.988334	38.959137	0.004484	8.689032	225
432698.036886	42.078621	0.004501	9.348624	226
432699.084892	40.981419	0.004480	9.147491	227
432700.102910	43.510567	0.004476	9.720234	228
432701.182929	40.863285	0.004492	9.096309	229
432702.197321	44.223690	0.004480	9.870849	230
432703.278024	41.303566	0.004485	9.209141	231
432704.294072	44.464840	0.004488	9.907466	232
432705.376197	40.946144	0.004520	9.059669	233
432706.392167	44.423862	0.004489	9.897242	234
432707.444230	41.182610	0.004474	9.205163	235
432708.488220	43.031826	0.004480	9.604784	236
432709.538316	43.352184	0.004485	9.666574	237
432710.553118	43.940319	0.004476	9.817426	238
432711.635356	44.518509	0.004497	9.898646	239
432712.651921	46.436863	0.004486	10.352385	240
432713.733484	43.507713	0.004476	9.719962	241
432714.749967	47.481323	0.004478	10.602449	242
432715.827963	42.369427	0.004495	9.425203	243
432716.844414	46.239666	0.004473	10.338223	244
432717.927018	40.933147	0.004517	9.061164	245
432718.942995	45.171883	0.004477	10.089194	246
432719.993533	43.752628	0.004493	9.738891	247
432721.039548	44.056686	0.004499	9.793106	248
432722.089145	45.235641	0.004480	10.096619	249
432723.106607	46.560955	0.004468	10.421889	250
432724.185673	44.501347	0.004497	9.896294	251
432725.201713	48.162197	0.004497	10.710380	252
432726.283696	42.991856	0.004489	9.577560	253
432727.298305	45.996212	0.004488	10.249511	254
432728.378750	44.176823	0.004474	9.874941	255
432729.394701	46.661510	0.004479	10.418976	0
432730.478881	43.642735	0.004476	9.749876	1
432731.493494	47.252304	0.004483	10.540672	2
432732.539993	44.196484	0.004475	9.875501	3
432733.590076	46.101212	0.004488	10.272016	4
432734.638130	46.329605	0.004498	10.298928	5
432735.686683	43.781796	0.004497	9.735818	6
432736.734624	46.036869	0.004480	10.276835	7
432737.750575	48.950485	0.004473	10.943851	8
432738.832789	46.394920	0.004490	10.332766	9
432739.846836	49.647182	0.004490	11.056607	10
432740.932859	44.127514	0.004478	9.855288	11
432741.945439	49.113098	0.004491	10.936736	12
432743.025907	42.991352	0.004465	9.627821	13
432744.041907	47.866261	0.004475	10.696979	14
432745.089987	47.636265	0.004479	10.636185	15
432746.138849	45.194965	0.004464	10.125113	16
432747.187692	48.076355	0.004468	10.761150	17
432748.237949	43.875290	0.004508	9.733456	18
432749.285998	48.005993	0.004494	10.681980	19
432750.300733	50.618816	0.004475	11.310205	20
432751.383924	48.101585	0.004477	10.744503	21
432752.400704	52.005230	0.004469	11.637336	22
432753.479959	45.933414	0.004486	10.238752	23
432754.496049	50.632259	0.004495	11.264160	24
432755.576005	44.052731	0.004473	9.847787	25
432756.592010	49.352379	0.004478	11.021953	26
432757.674146	41.588833	0.004482	9.278209	27
432758.692170	46.325298	0.004500	10.294685	28
432759.738711	49.659046	0.004488	11.064271	29
432760.786416	43.987808	0.004472	9.836704	30
432761.835710	50.093727	0.004481	11.180084	31
432762.883623	41.960003	0.004477	9.371538	32
432763.931781	49.116184	0.004479	10.964710	33
432764.947792	51.865150	0.004486	11.562172	34
432766.029909	46.518261	0.004503	10.330507	35
432767.047918	49.836357	0.004480	11.125086	36
432768.128483	44.627769	0.004487	9.946521	37
432769.143066	49.776405	0.004496	11.070266	38
432770.193096	50.483486	0.004482	11.262639	39
432771.239468	48.651379	0.004472	10.880148	40
432772.287705	49.372673	0.004474	11.035025	41
432773.339813	44.305283	0.004464	9.925697	42
432774.386359	49.835163	0.004500	11.075191	43
432775.434361	43.712322	0.004523	9.664034	44
432776.482289	48.774433	0.004473	10.903454	45
432777.498160	53.913063	0.004480	12.034401	46
432778.580501	47.151546	0.004480	10.524583	47
432779.597058	52.881512	0.004477	11.811709	48
432780.675953	44.950531	0.004474	10.047610	49
432781.693528	50.283066	0.004481	11.221231	50
432782.775581	42.873100	0.004477	9.577292	51
432783.790148	49.255058	0.004497	10.953045	52
432784.838718	51.856483	0.004485	11.560970	53
432785.886669	46.155270	0.004481	10.299191	54
432786.934797	51.810814	0.004505	11.500867	55
432787.984786	42.841919	0.004493	9.534277	56
432789.034828	48.977169	0.004476	10.941079	57
432790.047802	54.132206	0.004477	12.092216	58
432791.130418	49.916634	0.004479	11.143447	59
432792.148461	53.580330	0.004488	11.937646	60
432793.228508	45.426334	0.004497	10.101697	61
432794.243508	51.911976	0.004503	11.528152	62
432795.325559	42.927135	0.004473	9.596793	63
432796.342549	48.103104	0.004492	10.708150	64
432797.391141	52.474136	0.004501	11.657994	65
432798.436936	47.274204	0.004480	10.553382	66
432799.485112	52.112553	0.004476	11.642188	67
432800.535960	43.730618	0.004479	9.763729	68
432801.583275	50.602512	0.004494	11.259785	69
432802.631160	41.523922	0.004474	9.281398	70
432803.681329	47.962078	0.004476	10.715272	71
432804.697109	53.713634	0.004474	12.006985	72
432805.779325	46.075397	0.004472	10.302578	73
432806.795877	52.090351	0.004529	11.502613	74
432807.873854	44.253216	0.004470	9.899115	75
432808.889956	50.674175	0.004485	11.297408	76
432809.940001	53.928051	0.004478	12.043750	77
432810.988072	46.051094	0.004494	10.248019	78
432812.036597	53.617107	0.004484	11.957504	79
432813.086657	42.632393	0.004479	9.517889	80
432814.132626	52.948048	0.004479	11.821001	81
432815.184701	38.264309	0.004482	8.537523	82
432816.230741	49.624821	0.004487	11.060141	83
432817.247264	55.037037	0.004472	12.307667	84
432818.327071	46.611500	0.004472	10.422782	85
432819.348303	49.757690	0.004459	11.159651	86
432820.424817	44.321430	0.004487	9.877249	87
432821.439745	50.933041	0.004472	11.388195	88
432822.487791	55.150227	0.004480	12.309560	89
432823.537852	48.089653	0.004506	10.671806	90
432824.589866	53.116272	0.004480	11.857362	91
432825.635903	44.988579	0.004481	10.039529	92
432826.683954	53.492638	0.004495	11.900415	93
432827.732516	44.298805	0.004482	9.883099	94
432828.780584	50.819012	0.004484	11.332653	95
432829.796556	56.126236	0.004481	12.525250	96
432830.878611	47.256649	0.004467	10.580148	97
432831.893039	54.934822	0.004478	12.268204	98
432832.975283	45.540211	0.004477	10.171741	99
432833.989775	51.499119	0.004476	11.504804	100
432835.038383	56.649208	0.004476	12.657204	101
432836.088438	46.974743	0.004495	10.451586	102
432837.136456	55.658974	0.004488	12.400545	103
432838.184395	45.494469	0.004474	10.168288	104
432839.234547	52.579338	0.004479	11.739358	105
432840.283101	41.041153	0.004496	9.128304	106
432841.331096	48.805611	0.004493	10.861490	107
432842.349105	55.687515	0.004478	12.436445	108
432843.429651	45.991333	0.004477	10.272748	109
432844.448199	51.553890	0.004457	11.566112	110
432845.526725	42.638062	0.004491	9.493570	111
432846.539904	52.567303	0.004482	11.727437	112
432847.622814	39.751511	0.004479	8.874313	113
432848.639368	48.605122	0.004469	10.876659	114
432849.685346	54.140335	0.004479	12.088742	115
432850.737457	44.166103	0.004497	9.822283	116
432851.783222	53.466793	0.004474	11.951452	117
432852.831546	40.782356	0.004487	9.088262	118
432853.883573	48.711769	0.004472	10.893092	119
432854.897580	57.597179	0.004475	12.870078	120
432855.978103	46.694912	0.004488	10.405267	121
432856.995051	55.293724	0.004477	12.350922	122
432858.075608	45.579960	0.004482	10.170192	123
432859.091651	51.558338	0.004479	11.510034	124
432860.172682	39.944500	0.004483	8.910522	125
432861.189251	48.019768	0.004484	10.709311	126
432862.235795	57.915516	0.004479	12.930458	127
432863.285911	43.705807	0.004484	9.747775	128
432864.333973	53.653149	0.004474	11.993133	129
432865.381862	41.510525	0.004469	9.287952	130
432866.431997	52.806393	0.004479	11.790052	131
432867.445902	58.134731	0.004469	13.008149	132
432868.527416	48.448662	0.004471	10.835308	133
432869.544097	56.713932	0.004486	12.641526	134
432870.626185	43.393780	0.004482	9.681129	135
432871.640134	54.127560	0.004473	12.099802	136
432872.724229	38.973289	0.004492	8.676187	137
432873.738826	50.577759	0.004501	11.236881	138
432874.787752	55.246849	0.004479	12.334297	139
432875.836277	73.970116	0.004510	16.401386	140
432876.884310	54.360340	0.004483	12.126757	141
432877.932089	40.361851	0.004481	9.007771	142
432878.982384	52.038376	0.004484	11.604159	143
432880.028353	36.521652	0.004492	8.129782	144
432881.078398	50.079285	0.004501	11.126595	145
432882.096516	54.762756	0.004486	12.208708	146
432883.178538	42.117607	0.004473	9.415590	147
432884.191485	51.954292	0.004487	11.579391	148
432885.271964	41.295975	0.004478	9.221077	149
432886.287905	47.991295	0.004473	10.730211	150
432887.336056	59.998329	0.004477	13.402714	151
432888.384090	44.844540	0.004493	9.980068	152
432889.434693	62.759136	0.004496	13.958670	153
432890.482775	39.664127	0.004491	8.831114	154
432891.530728	52.193573	0.004484	11.641159	155
432892.580859	35.710762	0.004487	7.958367	156
432893.628889	48.288200	0.004505	10.719135	157
432894.644889	55.721169	0.004494	12.399345	158
432895.726916	43.847378	0.004476	9.796429	159
432896.741464	52.916660	0.004485	11.798867	160
432897.823548	40.334892	0.004488	8.986292	161
432898.837559	49.903595	0.004495	11.101025	162
432899.887644	57.149166	0.004482	12.752167	163
432900.934783	45.254669	0.004499	10.059081	164
432901.983591	55.536697	0.004477	12.405808	165
432903.035701	37.561470	0.004470	8.403355	166
432904.080625	53.143829	0.004476	11.873427	167
432905.129113	37.044258	0.004470	8.287347	168
432906.181183	47.386463	0.004477	10.584744	169
432907.195187	57.008465	0.004486	12.707529	170
432908.275651	44.443710	0.004501	9.873436	171
432909.295648	50.510689	0.004469	11.302316	172
432910.373677	39.372616	0.004498	8.753049	173
432911.389753	49.498577	0.004527	10.934234	174
432912.437781	63.136143	0.004499	14.033863	175
432913.485864	45.267818	0.004503	10.052183	176
432914.536393	55.648033	0.004471	12.447139	177
432915.582344	41.326309	0.004472	9.241439	178
432916.630456	52.967655	0.004477	11.830997	179
432917.680496	32.947468	0.004496	7.327888	180
432918.730574	46.637333	0.004482	10.404826	181
432919.743092	59.740700	0.004481	13.333286	182
432920.827700	42.867367	0.004494	9.539451	183
