crossing time (s)	slope (V/s)	crossing number
281474976710655.000000	3.426831	413080	432620634112.000000
281474976710655.000000	3.033036	413081	432621715456.000000
281474976710655.000000	3.362603	413082	432622731264.000000
281474976710655.000000	2.930059	413083	432623779840.000000
281474976710655.000000	2.849973	413084	432624795648.000000
281474976710655.000000	3.875709	413085	432625876992.000000
281474976710655.000000	4.081742	413086	432626892800.000000
281474976710655.000000	2.938357	413087	432627974144.000000
281474976710655.000000	3.336998	413088	432628989952.000000
281474976710655.000000	3.587137	413089	432630071296.000000
281474976710655.000000	3.752592	413090	432631087104.000000
281474976710655.000000	3.272114	413091	432632168448.000000
281474976710655.000000	4.233605	413092	432633184256.000000
281474976710655.000000	2.941459	413093	432634232832.000000
281474976710655.000000	3.329212	413094	432635281408.000000
281474976710655.000000	3.321467	413095	432636329984.000000
281474976710655.000000	3.284889	413096	432637345792.000000
281474976710655.000000	3.524120	413097	432638427136.000000
281474976710655.000000	3.076549	413098	432639442944.000000
281474976710655.000000	4.319572	413099	432640524288.000000
281474976710655.000000	4.558558	413100	432641540096.000000
281474976710655.000000	3.131919	413101	432642621440.000000
281474976710655.000000	3.793881	413102	432643637248.000000
281474976710655.000000	3.485567	413103	432644718592.000000
281474976710655.000000	3.772724	413104	432645734400.000000
281474976710655.000000	3.231077	413105	432646782976.000000
281474976710655.000000	3.107001	413106	432647798784.000000
281474976710655.000000	4.324053	413107	432648880128.000000
281474976710655.000000	4.593835	413108	432649895936.000000
281474976710655.000000	3.355832	413109	432650977280.000000
281474976710655.000000	4.354830	413110	432651993088.000000
281474976710655.000000	3.176362	413111	432653074432.000000
281474976710655.000000	3.616246	413112	432654090240.000000
281474976710655.000000	4.037254	413113	432655171584.000000
281474976710655.000000	3.874209	413114	432656187392.000000
281474976710655.000000	3.618333	413115	432657268736.000000
281474976710655.000000	4.328069	413116	432658284544.000000
281474976710655.000000	3.561357	413117	432659333120.000000
281474976710655.000000	3.658937	413118	432660381696.000000
281474976710655.000000	3.830360	413119	432661430272.000000
281474976710655.000000	3.450504	413120	432662446080.000000
281474976710655.000000	4.547052	413121	432663527424.000000
281474976710655.000000	4.815305	413122	432664543232.000000
281474976710655.000000	3.487612	413123	432665624576.000000
281474976710655.000000	4.144826	413124	432666640384.000000
281474976710655.000000	3.606553	413125	432667721728.000000
281474976710655.000000	3.829257	413126	432668737536.000000
281474976710655.000000	3.849216	413127	432669786112.000000
281474976710655.000000	3.510203	413128	432670834688.000000
281474976710655.000000	4.720229	413129	432671883264.000000
281474976710655.000000	4.421422	413130	432672899072.000000
281474976710655.000000	3.952519	413131	432673980416.000000
281474976710655.000000	4.797322	413132	432674996224.000000
281474976710655.000000	3.758907	413133	432676077568.000000
281474976710655.000000	4.398138	413134	432677093376.000000
281474976710655.000000	3.719320	413135	432678174720.000000
281474976710655.000000	4.005317	413136	432679190528.000000
281474976710655.000000	3.843166	413137	432680271872.000000
281474976710655.000000	3.836073	413138	432681287680.000000
281474976710655.000000	4.391371	413139	432682336256.000000
281474976710655.000000	4.327296	413140	432683384832.000000
281474976710655.000000	4.176708	413141	432684433408.000000
281474976710655.000000	4.017296	413142	432685481984.000000
281474976710655.000000	4.403587	413143	432686530560.000000
281474976710655.000000	4.174195	413144	432687546368.000000
281474976710655.000000	4.503208	413145	432688627712.000000
281474976710655.000000	4.592876	413146	432689643520.000000
281474976710655.000000	4.302048	413147	432690724864.000000
281474976710655.000000	4.552979	413148	432691740672.000000
281474976710655.000000	4.392419	413149	432692822016.000000
281474976710655.000000	4.529782	413150	432693837824.000000
281474976710655.000000	4.251091	413151	432694886400.000000
281474976710655.000000	4.768157	413152	432695934976.000000
281474976710655.000000	4.273262	413153	432696983552.000000
281474976710655.000000	4.799805	413154	432698032128.000000
281474976710655.000000	4.438478	413155	432699080704.000000
281474976710655.000000	4.971026	413156	432700096512.000000
281474976710655.000000	4.120369	413157	432701177856.000000
281474976710655.000000	4.760550	413158	432702193664.000000
281474976710655.000000	4.122018	413159	432703275008.000000
281474976710655.000000	4.371034	413160	432704290816.000000
281474976710655.000000	4.542998	413161	432705372160.000000
281474976710655.000000	4.878152	413162	432706387968.000000
281474976710655.000000	4.440917	413163	432707436544.000000
281474976710655.000000	4.451214	413164	432708485120.000000
281474976710655.000000	4.831292	413165	432709533696.000000
281474976710655.000000	4.667053	413166	432710549504.000000
281474976710655.000000	4.929230	413167	432711630848.000000
281474976710655.000000	5.322694	413168	432712646656.000000
281474976710655.000000	4.789744	413169	432713728000.000000
281474976710655.000000	5.289879	413170	432714743808.000000
281474976710655.000000	4.666826	413171	432715825152.000000
281474976710655.000000	5.297121	413172	432716840960.000000
281474976710655.000000	4.307428	413173	432717922304.000000
281474976710655.000000	4.702909	413174	432718938112.000000
281474976710655.000000	4.996082	413175	432719986688.000000
281474976710655.000000	4.747459	413176	432721035264.000000
281474976710655.000000	5.081400	413177	432722083840.000000
281474976710655.000000	5.003505	413178	432723099648.000000
281474976710655.000000	4.963524	413179	432724180992.000000
281474976710655.000000	5.678980	413180	432725196800.000000
281474976710655.000000	4.377238	413181	432726278144.000000
281474976710655.000000	5.026580	413182	432727293952.000000
281474976710655.000000	4.977902	413183	432728375296.000000
281474976710655.000000	5.064620	413184	432729391104.000000
281474976710655.000000	5.235400	413185	432730472448.000000
281474976710655.000000	5.444547	413186	432731488256.000000
281474976710655.000000	4.906614	413187	432732536832.000000
281474976710655.000000	5.363336	413188	432733585408.000000
281474976710655.000000	4.883124	413189	432734633984.000000
281474976710655.000000	4.675119	413190	432735682560.000000
281474976710655.000000	5.545632	413191	432736731136.000000
281474976710655.000000	5.200919	413192	432737746944.000000
281474976710655.000000	5.420296	413193	432738828288.000000
281474976710655.000000	5.970809	413194	432739844096.000000
281474976710655.000000	4.863443	413195	432740925440.000000
281474976710655.000000	5.554423	413196	432741941248.000000
281474976710655.000000	5.024444	413197	432743022592.000000
281474976710655.000000	5.532829	413198	432744038400.000000
281474976710655.000000	5.260982	413199	432745086976.000000
281474976710655.000000	5.054597	413200	432746135552.000000
281474976710655.000000	5.520665	413201	432747184128.000000
281474976710655.000000	5.427118	413202	432748232704.000000
281474976710655.000000	5.277449	413203	432749281280.000000
281474976710655.000000	5.992248	413204	432750297088.000000
281474976710655.000000	5.603942	413205	432751378432.000000
281474976710655.000000	5.864213	413206	432752394240.000000
281474976710655.000000	4.983727	413207	432753475584.000000
281474976710655.000000	5.960251	413208	432754491392.000000
281474976710655.000000	5.104568	413209	432755572736.000000
281474976710655.000000	5.648747	413210	432756588544.000000
281474976710655.000000	5.394625	413211	432757669888.000000
281474976710655.000000	5.863329	413212	432758685696.000000
281474976710655.000000	5.410522	413213	432759734272.000000
281474976710655.000000	5.462064	413214	432760782848.000000
281474976710655.000000	5.630211	413215	432761831424.000000
281474976710655.000000	5.427640	413216	432762880000.000000
281474976710655.000000	5.518158	413217	432763928576.000000
281474976710655.000000	5.841138	413218	432764944384.000000
281474976710655.000000	5.881784	413219	432766025728.000000
281474976710655.000000	5.909856	413220	432767041536.000000
281474976710655.000000	5.601172	413221	432768122880.000000
281474976710655.000000	5.758245	413222	432769138688.000000
281474976710655.000000	5.727711	413223	432770187264.000000
281474976710655.000000	5.862488	413224	432771235840.000000
281474976710655.000000	5.621681	413225	432772284416.000000
281474976710655.000000	6.008950	413226	432773332992.000000
281474976710655.000000	5.728638	413227	432774381568.000000
281474976710655.000000	5.965625	413228	432775430144.000000
281474976710655.000000	5.597706	413229	432776478720.000000
281474976710655.000000	6.085566	413230	432777494528.000000
281474976710655.000000	5.821162	413231	432778575872.000000
281474976710655.000000	6.015928	413232	432779591680.000000
281474976710655.000000	5.804066	413233	432780673024.000000
281474976710655.000000	6.025514	413234	432781688832.000000
281474976710655.000000	6.167170	413235	432782770176.000000
281474976710655.000000	6.192840	413236	432783785984.000000
281474976710655.000000	5.846990	413237	432784834560.000000
281474976710655.000000	5.929347	413238	432785883136.000000
281474976710655.000000	6.364339	413239	432786931712.000000
281474976710655.000000	6.132729	413240	432787980288.000000
281474976710655.000000	5.892713	413241	432789028864.000000
281474976710655.000000	6.343420	413242	432790044672.000000
281474976710655.000000	5.875295	413243	432791126016.000000
281474976710655.000000	6.686627	413244	432792141824.000000
281474976710655.000000	5.928974	413245	432793223168.000000
281474976710655.000000	6.527447	413246	432794238976.000000
281474976710655.000000	6.177605	413247	432795320320.000000
281474976710655.000000	6.178926	413248	432796336128.000000
281474976710655.000000	6.393239	413249	432797384704.000000
281474976710655.000000	6.115310	413250	432798433280.000000
281474976710655.000000	6.326373	413251	432799481856.000000
281474976710655.000000	6.407309	413252	432800530432.000000
281474976710655.000000	6.080993	413253	432801579008.000000
281474976710655.000000	6.885211	413254	432802627584.000000
281474976710655.000000	6.164614	413255	432803676160.000000
281474976710655.000000	6.633459	413256	432804691968.000000
281474976710655.000000	6.510201	413257	432805773312.000000
281474976710655.000000	6.665829	413258	432806789120.000000
281474976710655.000000	6.188961	413259	432807870464.000000
281474976710655.000000	6.843573	413260	432808886272.000000
281474976710655.000000	6.273955	413261	432809934848.000000
281474976710655.000000	6.311268	413262	432810983424.000000
281474976710655.000000	6.603387	413263	432812032000.000000
281474976710655.000000	6.402268	413264	432813080576.000000
281474976710655.000000	6.481628	413265	432814129152.000000
281474976710655.000000	6.928944	413266	432815177728.000000
281474976710655.000000	6.476939	413267	432816226304.000000
281474976710655.000000	7.127249	413268	432817242112.000000
281474976710655.000000	6.407864	413269	432818323456.000000
281474976710655.000000	6.855411	413270	432819339264.000000
281474976710655.000000	6.881088	413271	432820420608.000000
281474976710655.000000	7.012014	413272	432821436416.000000
281474976710655.000000	6.535741	413273	432822484992.000000
281474976710655.000000	6.877174	413274	432823533568.000000
281474976710655.000000	6.710835	413275	432824582144.000000
281474976710655.000000	6.715302	413276	432825630720.000000
281474976710655.000000	6.946893	413277	432826679296.000000
281474976710655.000000	6.921546	413278	432827727872.000000
281474976710655.000000	6.993749	413279	432828776448.000000
281474976710655.000000	6.752732	413280	432829792256.000000
281474976710655.000000	7.107934	413281	432830873600.000000
281474976710655.000000	7.671327	413282	432831889408.000000
281474976710655.000000	6.686608	413283	432832970752.000000
281474976710655.000000	7.091295	413284	432833986560.000000
281474976710655.000000	6.915316	413285	432835035136.000000
281474976710655.000000	7.065374	413286	432836083712.000000
281474976710655.000000	6.628933	413287	432837132288.000000
281474976710655.000000	7.808876	413288	432838180864.000000
281474976710655.000000	6.547408	413289	432839229440.000000
281474976710655.000000	7.551277	413290	432840278016.000000
281474976710655.000000	6.851915	413291	432841326592.000000
281474976710655.000000	7.277703	413292	432842342400.000000
281474976710655.000000	6.770560	413293	432843423744.000000
281474976710655.000000	7.331259	413294	432844439552.000000
281474976710655.000000	6.988751	413295	432845520896.000000
281474976710655.000000	7.361826	413296	432846536704.000000
281474976710655.000000	7.443340	413297	432847618048.000000
281474976710655.000000	7.412749	413298	432848633856.000000
281474976710655.000000	7.230107	413299	432849682432.000000
281474976710655.000000	7.628163	413300	432850731008.000000
281474976710655.000000	7.255515	413301	432851779584.000000
281474976710655.000000	7.449919	413302	432852828160.000000
281474976710655.000000	7.070411	413303	432853876736.000000
281474976710655.000000	7.622181	413304	432854892544.000000
281474976710655.000000	7.024171	413305	432855973888.000000
281474976710655.000000	7.094145	413306	432856989696.000000
281474976710655.000000	7.529906	413307	432858071040.000000
281474976710655.000000	7.328883	413308	432859086848.000000
281474976710655.000000	7.685236	413309	432860168192.000000
281474976710655.000000	7.333376	413310	432861184000.000000
281474976710655.000000	7.246991	413311	432862232576.000000
281474976710655.000000	7.745655	413312	432863281152.000000
281474976710655.000000	7.007989	413313	432864329728.000000
281474976710655.000000	7.625626	413314	432865378304.000000
281474976710655.000000	6.640521	413315	432866426880.000000
281474976710655.000000	7.489090	413316	432867442688.000000
281474976710655.000000	7.644850	413317	432868524032.000000
281474976710655.000000	7.583576	413318	432869539840.000000
281474976710655.000000	7.488629	413319	432870621184.000000
281474976710655.000000	8.063370	413320	432871636992.000000
281474976710655.000000	7.363724	413321	432872718336.000000
281474976710655.000000	8.392715	413322	432873734144.000000
281474976710655.000000	6.708810	413323	432874782720.000000
281474976710655.000000	8.434870	413324	432875831296.000000
281474976710655.000000	7.605133	413325	432876879872.000000
281474976710655.000000	7.663705	413326	432877928448.000000
281474976710655.000000	7.590137	413327	432878977024.000000
281474976710655.000000	7.433693	413328	432880025600.000000
281474976710655.000000	7.826608	413329	432881074176.000000
281474976710655.000000	8.115005	413330	432882089984.000000
281474976710655.000000	7.415856	413331	432883171328.000000
281474976710655.000000	8.182233	413332	432884187136.000000
281474976710655.000000	7.662006	413333	432885268480.000000
281474976710655.000000	7.500521	413334	432886284288.000000
281474976710655.000000	8.061061	413335	432887332864.000000
281474976710655.000000	7.772251	413336	432888381440.000000
281474976710655.000000	7.834330	413337	432889430016.000000
281474976710655.000000	8.318173	413338	432890478592.000000
281474976710655.000000	7.543445	413339	432891527168.000000
281474976710655.000000	7.910475	413340	432892575744.000000
281474976710655.000000	7.792982	413341	432893624320.000000
281474976710655.000000	8.374160	413342	432894640128.000000
281474976710655.000000	7.576911	413343	432895721472.000000
281474976710655.000000	8.019049	413344	432896737280.000000
281474976710655.000000	7.780646	413345	432897818624.000000
281474976710655.000000	8.404139	413346	432898834432.000000
281474976710655.000000	7.907484	413347	432899883008.000000
281474976710655.000000	8.606484	413348	432900931584.000000
281474976710655.000000	7.780323	413349	432901980160.000000
281474976710655.000000	8.233429	413350	432903028736.000000
281474976710655.000000	7.976548	413351	432904077312.000000
281474976710655.000000	8.127959	413352	432905125888.000000
281474976710655.000000	7.802032	413353	432906174464.000000
281474976710655.000000	8.285046	413354	432907190272.000000
281474976710655.000000	8.125856	413355	432908271616.000000
281474976710655.000000	8.510034	413356	432909287424.000000
281474976710655.000000	8.208726	413357	432910368768.000000
281474976710655.000000	8.516677	413358	432911384576.000000
281474976710655.000000	8.180750	413359	432912433152.000000
281474976710655.000000	8.375205	413360	432913481728.000000
281474976710655.000000	8.494373	413361	432914530304.000000
281474976710655.000000	8.368268	413362	432915578880.000000
281474976710655.000000	8.173625	413363	432916627456.000000
281474976710655.000000	8.695421	413364	432917676032.000000
281474976710655.000000	8.293777	413365	432918724608.000000
281474976710655.000000	8.426057	413366	432919740416.000000
281474976710655.000000	8.200994	413367	432920821760.000000
