time (s)	coil I (A)	last det (V)	int current (uC)
432620.638948	0.410805	182.617187	-42.773437
432620.640950	0.409660	4.506260	0.573458
432621.718983	0.378128	530.664062	-25.585937
432621.720986	0.408262	530.664062	-25.585937
432621.722985	0.407200	4.479204	0.398726
432622.735045	0.394729	182.324219	-41.699219
432622.737048	0.408831	182.324219	-41.699219
432622.739047	0.407808	4.485886	0.430518
432623.785071	0.409036	555.957031	-31.933594
432623.787078	0.407901	4.486914	0.385981
432624.799126	0.374924	194.335937	17.480469
432624.801129	0.409027	194.335937	17.480469
432624.803127	0.407916	4.487073	0.410602
432625.881155	0.406347	557.031250	-29.589844
432625.883156	0.408227	4.490494	0.385956
432626.895692	0.309249	193.945312	14.355469
432626.897694	0.409477	193.945312	14.355469
432626.899692	0.408087	4.488952	0.426086
432627.977728	0.382617	553.320312	-27.148437
432627.979730	0.408593	553.320312	-27.148437
432627.981729	0.407495	4.482447	0.390456
432628.992724	0.291227	188.476562	-2.343750
432628.994725	0.409471	188.476562	-2.343750
432628.998725	0.407427	4.481694	0.425622
432630.074829	0.378706	542.675781	-22.949219
432630.076831	0.408371	542.675781	-22.949219
432630.078833	0.407252	4.479771	0.396804
432631.091400	0.408953	189.453125	-11.132812
432631.093402	0.409296	4.502254	0.428465
432632.171440	0.323433	526.660156	-18.652344
432632.173442	0.408461	526.660156	-18.652344
432632.175442	0.407102	4.478123	0.408254
432633.187444	0.347033	186.816406	-26.367187
432633.189446	0.408704	186.816406	-26.367187
432633.191448	0.407480	4.482279	0.451123
432634.237492	0.408900	552.050781	-27.050781
432634.239495	0.407640	4.484042	0.385205
432635.288022	0.407652	186.914062	-25.878906
432635.290023	0.406922	4.476137	0.419703
432636.334591	0.409488	550.195312	-26.074219
432636.336593	0.408362	4.491983	0.438672
432637.350605	0.409289	202.832031	29.003906
432637.352608	0.407944	4.487384	0.432817
432638.433161	0.405898	543.261719	-22.753906
432638.435164	0.409064	4.499702	0.411307
432639.447248	1.635553	196.289062	1.660156
432639.449249	0.408684	4.495519	0.443022
432640.527288	0.324823	550.292969	-24.609375
432640.529287	0.408870	550.292969	-24.609375
432640.531288	0.407611	4.483724	0.422327
432641.543289	0.347995	198.242187	5.664062
432641.545290	0.408547	198.242187	5.664062
432641.547291	0.407349	4.480834	0.474977
432642.624257	0.300647	529.980469	-18.164062
432642.626261	0.409492	529.980469	-18.164062
432642.628260	0.408189	4.490077	0.409936
432643.642317	0.409072	191.113281	-12.011719
432643.646319	0.407084	4.477919	0.474313
432644.722896	0.409874	519.628906	-15.136719
432644.726894	0.409430	4.503735	0.411622
432645.738927	0.410545	181.250000	-53.125000
432645.740929	0.409651	4.506163	0.467753
432646.786924	0.401010	547.949219	-26.171875
432646.788926	0.407992	547.949219	-26.171875
432646.790925	0.407054	4.477591	0.425524
432647.804960	0.408553	198.437500	3.320312
432647.806959	0.407635	4.483989	0.438835
432648.885024	0.409737	539.746094	-26.269531
432648.887026	0.408430	4.492727	0.420184
432649.899035	0.338251	205.468750	7.324219
432649.901036	0.408982	205.468750	7.324219
432649.903038	0.407705	4.484760	0.465927
432650.981012	0.392168	537.695312	-27.734375
432650.983015	0.408759	537.695312	-27.734375
432650.985014	0.407784	4.485620	0.408471
432651.997034	0.401155	190.136719	-45.605469
432651.999035	0.408141	190.136719	-45.605469
432652.001036	0.407160	4.478761	0.432756
432653.079070	0.409332	536.132812	-28.222656
432653.081071	0.408070	4.488766	0.484584
432654.095079	0.408975	193.164062	-30.468750
432654.097082	0.407662	4.484282	0.457991
432655.177118	0.410069	532.519531	-24.218750
432655.179122	0.409031	4.499339	0.472404
432656.193711	0.605438	186.816406	-62.011719
432656.195712	0.408148	4.489626	0.492031
432657.271722	0.322326	520.507812	-17.578125
432657.273725	0.409024	520.507812	-17.578125
432657.275724	0.407745	4.485195	0.450369
432658.287723	0.344694	187.988281	-59.179687
432658.291723	0.407656	187.988281	-59.179687
432658.293724	0.406935	4.476288	0.474360
432659.337753	0.408634	539.160156	-21.875000
432659.339754	0.407382	4.481198	0.446702
432660.385732	0.405652	180.273437	-75.585937
432660.387735	0.410631	180.273437	-75.585937
432660.389734	0.409852	4.508369	0.468309
432661.433776	0.375922	543.457031	-24.316406
432661.435779	0.408291	543.457031	-24.316406
432661.437777	0.407229	4.479514	0.453210
432662.450335	0.407710	200.195312	-4.589844
432662.452336	0.408140	4.489537	0.486222
432663.534388	0.408457	524.121094	-16.992187
432663.536390	0.407707	4.484778	0.691226
432664.546387	0.342598	194.042969	-23.046875
432664.548394	0.408341	194.042969	-23.046875
432664.552395	0.406379	4.470173	0.510043
432665.628488	0.399640	526.855469	-18.945312
432665.630489	0.408182	526.855469	-18.945312
432665.632488	0.407285	4.480134	0.463405
432666.644559	0.406727	186.621094	-47.460937
432666.646562	0.408321	4.491531	0.520564
432667.724537	2.197426	521.191406	-18.554687
432667.726537	0.409844	521.191406	-18.554687
432667.728539	0.408500	4.493498	0.467007
432668.742581	0.409221	188.964844	-50.195312
432668.744582	0.407888	4.486772	0.513380
432669.789113	0.324339	539.257812	-27.343750
432669.791117	0.408951	539.257812	-27.343750
432669.793115	0.407613	4.483741	0.454028
432670.841146	0.407950	182.812500	-73.339844
432670.843147	0.407107	4.478176	0.485948
432671.887693	0.408391	533.398437	-26.660156
432671.889695	0.407663	4.484291	0.464021
432672.903674	0.409966	204.101562	-23.046875
432672.905675	0.408853	4.497380	0.518961
432673.983699	0.356695	540.332031	-30.566406
432673.985700	0.408297	540.332031	-30.566406
432673.987698	0.407143	4.478575	0.460388
432675.000628	0.409407	203.027344	-18.945312
432675.002629	0.408900	4.497903	0.490919
432676.081178	0.383934	525.878906	-24.023437
432676.083180	0.408106	525.878906	-24.023437
432676.087176	0.406251	4.468764	0.494793
432677.099214	0.409298	197.851562	-34.765625
432677.101216	0.408295	197.851562	-34.765625
432677.103216	0.407793	4.485726	0.534843
432678.177766	0.331043	514.843750	-19.433594
432678.179766	0.409055	514.843750	-19.433594
432678.181766	0.407730	4.485035	0.485511
432679.193807	0.356969	190.917969	-54.687500
432679.195810	0.408489	190.917969	-54.687500
432679.197810	0.407309	4.480400	0.535496
432680.275868	0.402457	516.601562	-18.847656
432680.279867	0.406876	516.601562	-18.847656
432680.283866	0.405836	4.464200	0.487253
432681.291921	0.407204	193.261719	-45.703125
432681.293922	0.407805	4.485859	0.531498
432682.339946	0.389010	537.695312	-25.878906
432682.341948	0.407795	537.695312	-25.878906
432682.345946	0.406018	4.466194	0.477189
432683.387985	0.343960	175.097656	-104.980469
432683.389987	0.409073	175.097656	-104.980469
432683.391987	0.407875	4.486630	0.526499
432684.437980	0.410403	537.597656	-25.390625
432684.439981	0.409353	4.502884	0.513525
432685.486056	0.405081	174.609375	-104.882812
432685.488056	0.405907	174.609375	-104.882812
432685.490058	0.407417	4.481587	0.507743
432686.534065	0.377446	532.519531	-21.972656
432686.536067	0.408772	532.519531	-21.972656
432686.540065	0.407043	4.477476	0.524340
432687.550107	0.391875	205.371094	-20.410156
432687.552108	0.408014	205.371094	-20.410156
432687.554109	0.407001	4.477015	0.548662
432688.630666	0.315839	512.207031	-15.527344
432688.632669	0.408809	512.207031	-15.527344
432688.634668	0.407544	4.482988	0.515290
432689.648678	0.407975	202.441406	-39.355469
432689.650681	0.406721	4.473931	0.868946
432690.729240	0.409438	518.945312	-17.578125
432690.733244	0.408249	4.490734	0.508762
432691.744175	0.376177	198.535156	-56.835937
432691.746178	0.408311	198.535156	-56.835937
432691.748177	0.407241	4.479656	0.537234
432692.826200	0.406673	510.058594	-16.992187
432692.828203	0.408071	4.488784	0.543301
432693.842223	0.408921	188.476562	-90.429687
432693.844228	0.408416	4.492577	0.563464
432694.890271	0.397689	525.781250	-25.488281
432694.892275	0.408193	525.781250	-25.488281
432694.894273	0.407233	4.479558	0.495733
432695.940290	0.408581	191.601562	-81.347656
432695.942288	0.407486	4.482341	0.573854
432696.988334	0.408943	527.636719	-27.734375
432696.990334	0.407610	4.483715	0.502287
432698.036886	0.410383	176.074219	-137.109375
432698.038888	0.409186	4.501050	0.641964
432699.084892	0.406790	514.453125	-23.242187
432699.086893	0.407279	4.480072	0.534341
432700.102910	0.407895	192.578125	-81.250000
432700.104912	0.406935	4.476288	0.570279
432701.182929	0.408472	522.753906	-24.902344
432701.184933	0.408390	4.492293	0.532531
432702.197505	0.396608	200.878906	-50.390625
432702.199508	0.408275	200.878906	-50.390625
432702.201506	0.407294	4.480232	0.577740
432703.278056	0.329931	504.785156	-16.699219
432703.280057	0.408962	504.785156	-16.699219
432703.282058	0.407733	4.485062	0.547580
432704.294116	0.357241	187.304687	-87.597656
432704.296118	0.409120	187.304687	-87.597656
432704.298118	0.408001	4.488013	0.586967
432705.376197	0.405906	493.750000	-12.011719
432705.378199	0.410873	4.519607	0.537375
432706.392167	0.406825	182.910156	-102.343750
432706.394169	0.408046	4.488509	0.588372
432707.444230	0.407304	531.152344	-24.218750
432707.446233	0.406715	4.473860	0.540743
432708.488258	0.340893	178.710937	-113.964844
432708.490259	0.408551	178.710937	-113.964844
432708.492260	0.407295	4.480249	0.564935
432709.538316	0.409015	528.320312	-22.363281
432709.540315	0.407705	4.484752	0.565617
432710.553269	0.393399	204.980469	-41.699219
432710.555271	0.407904	204.980469	-41.699219
432710.557271	0.406886	4.475748	0.583783
432711.635356	0.409802	519.433594	-18.164062
432711.637356	0.408858	4.497434	0.576058
432712.651921	0.408986	191.308594	-77.636719
432712.653923	0.407784	4.485620	0.959381
432713.731936	0.400760	503.320312	-12.695312
432713.733940	0.402163	503.320312	-12.695312
432713.735940	0.406920	4.476120	0.570892
432714.749967	0.407968	192.382812	-79.785156
432714.751970	0.407121	4.478335	0.632663
432715.827987	0.303244	508.593750	-14.257812
432715.829990	0.409940	508.593750	-14.257812
432715.831989	0.408667	4.495333	0.549462
432716.844494	0.378670	197.265625	-65.332031
432716.846495	0.407719	197.265625	-65.332031
432716.848496	0.406608	4.472690	0.616552
432717.927018	0.411394	487.597656	-9.863281
432717.929017	0.410675	4.517427	0.615626
432718.942995	0.408361	187.792969	-93.750000
432718.944997	0.407023	4.477254	0.750351
432719.993533	0.408411	519.824219	-19.824219
432719.995533	0.408415	4.492568	0.704927
432721.039548	0.408689	173.339844	-147.265625
432721.041549	0.408977	4.498745	0.582428
432722.087537	0.389932	517.578125	-20.898437
432722.089545	0.393395	517.578125	-20.898437
432722.091550	0.407298	4.480276	0.593054
432723.105600	0.408226	203.320312	-67.187500
432723.107603	0.407192	203.320312	-67.187500
432723.111599	0.406147	4.467612	0.617441
432724.185673	0.410102	512.207031	-21.093750
432724.187678	0.408797	4.496769	0.622664
432725.201713	0.410013	203.125000	-72.753906
432725.203716	0.408798	4.496778	0.796800
432726.283696	0.409062	508.300781	-21.386719
432726.285697	0.408074	4.488811	0.572055
432727.298305	0.408343	198.632812	-85.546875
432727.300306	0.407968	4.487649	0.603264
432728.378823	0.378057	493.261719	-17.285156
432728.380823	0.407734	493.261719	-17.285156
432728.382824	0.406694	4.473629	0.593948
432729.394820	0.391118	190.234375	-112.890625
432729.396823	0.408091	190.234375	-112.890625
432729.398823	0.407137	4.478512	0.626811
432730.478881	0.407802	495.800781	-16.601562
432730.480882	0.406930	4.476235	0.594829
432731.493494	0.408639	196.484375	-103.027344
432731.495495	0.407532	4.482855	0.651484
432732.540035	0.348992	517.089844	-21.191406
432732.542037	0.408064	517.089844	-21.191406
432732.544036	0.406852	4.475367	0.572411
432733.590076	0.409319	179.882812	-152.929687
432733.592078	0.408004	4.488039	0.672713
432734.638130	0.406852	511.425781	-16.699219
432734.640130	0.408953	4.498488	0.608898
432735.686683	0.406437	182.519531	-141.308594
432735.688680	0.408817	4.496982	0.592321
432736.734706	0.381951	499.023437	-11.914062
432736.736709	0.408278	499.023437	-11.914062
432736.738710	0.407243	4.479673	0.608536
432737.750786	0.396392	208.593750	-68.066406
432737.752787	0.407702	208.593750	-68.066406
432737.754787	0.406625	4.472876	0.647205
432738.832789	0.409130	493.359375	-11.328125
432738.834793	0.408189	4.490077	0.605909
432739.846857	0.290899	191.894531	-109.082031
432739.848859	0.409458	191.894531	-109.082031
432739.850860	0.408207	4.490273	0.657536
432740.932859	0.407690	497.851562	-11.914062
432740.934862	0.407050	4.477547	0.592903
432741.945439	0.406984	194.628906	-94.238281
432741.947441	0.408241	4.490654	0.654842
432743.025971	0.365266	482.324219	-7.910156
432743.029970	0.406594	482.324219	-7.910156
432743.031971	0.405939	4.465325	0.575769
432744.042003	0.383440	181.835937	-133.398437
432744.044005	0.407912	181.835937	-133.398437
432744.046006	0.406795	4.474746	0.637928
432745.090017	0.329121	504.687500	-14.355469
432745.092019	0.408336	504.687500	-14.355469
432745.094020	0.407154	4.478699	0.630728
432746.138944	0.367250	185.644531	-118.750000
432746.144944	0.406399	185.644531	-118.750000
432746.146948	0.405786	4.463650	0.608852
432747.187875	0.392051	503.417969	-14.843750
432747.191874	0.406789	503.417969	-14.843750
432747.193878	0.406144	4.467585	0.638477
432748.237949	0.410758	160.644531	-206.347656
432748.239951	0.409789	4.507679	0.920961
432749.285998	0.409821	505.566406	-15.332031
432749.287998	0.408555	4.494110	0.687851
432750.300979	0.398930	206.152344	-66.992187
432750.302982	0.407836	206.152344	-66.992187
432750.304982	0.406864	4.475499	0.673906
432751.383924	0.408091	487.500000	-10.742187
432751.385926	0.406987	4.476855	0.636845
432752.399929	0.407927	193.554687	-103.417969
432752.401932	0.406903	193.554687	-103.417969
432752.403934	0.406257	4.468826	0.695343
432753.479959	0.408336	483.984375	-9.960937
432753.481962	0.407839	4.486232	0.613053
432754.496049	0.409860	180.273437	-142.675781
432754.498051	0.408635	4.494987	0.723751
432755.576070	0.362597	476.074219	-7.714844
432755.580069	0.407386	476.074219	-7.714844
432755.582072	0.406669	4.473363	0.593503
432756.592089	0.379943	182.324219	-137.500000
432756.594091	0.408135	182.324219	-137.500000
432756.596091	0.407059	4.477644	0.662815
432757.674146	0.407254	483.984375	-8.593750
432757.676147	0.407493	4.482420	0.576329
432758.692170	0.409863	184.472656	-132.226562
432758.694172	0.409084	4.499924	0.633530
432759.738711	0.408792	496.484375	-11.816406
432759.740713	0.408021	4.488235	0.660782
432760.786753	0.399405	182.714844	-139.160156
432760.790752	0.407129	182.714844	-139.160156
432760.792754	0.406528	4.471804	0.598538
432761.835710	0.407187	489.843750	-9.667969
432761.837711	0.407329	4.480621	0.666396
432762.883771	0.393441	170.996094	-187.792969
432762.885772	0.408040	170.996094	-187.792969
432762.887773	0.407035	4.477387	0.578659
432763.931826	0.353093	479.785156	-8.105469
432763.933828	0.408451	479.785156	-8.105469
432763.935828	0.407225	4.479478	0.645760
432764.947852	0.373419	194.238281	-123.144531
432764.949855	0.408832	194.238281	-123.144531
432764.951854	0.407797	4.485762	0.689885
432766.029909	0.407715	490.722656	-10.449219
432766.031911	0.409364	4.502999	0.622239
432767.047918	0.408986	201.660156	-106.542969
432767.053918	0.407240	4.479638	0.680146
432768.128483	0.408989	480.957031	-10.058594
432768.130483	0.407888	4.486772	0.622503
432769.143066	0.409127	179.003906	-176.464844
432769.145068	0.408764	4.496406	0.671990
432770.193096	0.408500	508.300781	-19.921875
432770.195099	0.407490	4.482385	0.657431
432771.239675	0.396247	173.339844	-194.042969
432771.241678	0.407565	173.339844	-194.042969
432771.243676	0.406507	4.471573	0.663657
432772.287757	0.361704	507.324219	-21.484375
432772.289759	0.407908	507.324219	-21.484375
432772.291764	0.406744	4.474179	0.656019
432773.339813	0.406558	176.171875	-187.011719
432773.341816	0.405790	4.463695	0.747496
432774.386359	0.410345	492.480469	-17.285156
432774.388360	0.409065	4.499711	0.763314
432775.434361	0.409414	161.132812	-239.746094
432775.436363	0.411200	4.523196	0.597896
432776.482398	0.387970	491.210937	-16.308594
432776.484400	0.407677	491.210937	-16.308594
432776.486402	0.406664	4.473301	0.658137
432777.498451	0.400502	195.996094	-123.925781
432777.500451	0.408250	195.996094	-123.925781
432777.502451	0.407265	4.479913	0.719140
432778.580501	0.408612	485.937500	-14.453125
432778.582502	0.407285	4.480134	0.646183
432779.597058	0.408177	183.789062	-158.203125
432779.599060	0.407004	4.477041	0.718701
432780.677095	0.404776	465.234375	-8.593750
432780.681093	0.407256	465.234375	-8.593750
432780.683095	0.406705	4.473753	0.620181
432781.693528	0.408668	179.394531	-167.578125
432781.695530	0.407370	4.481065	0.744451
432782.775581	0.370775	473.535156	-9.667969
432782.777584	0.406958	4.476536	0.612476
432783.790148	0.406972	179.882812	-165.332031
432783.792155	0.408812	4.496928	0.673123
432784.838718	0.406098	496.484375	-14.062500
432784.840721	0.407771	4.485478	0.687204
432785.886767	0.385663	167.382812	-204.785156
432785.888766	0.408468	167.382812	-204.785156
432785.890767	0.407404	4.481446	0.633037
432786.934799	0.335962	484.765625	-10.742187
432786.936801	0.409610	484.765625	-10.742187
432786.938803	0.409541	4.504949	0.689453
432787.984786	0.408427	174.121094	-184.472656
432787.986788	0.408497	4.493463	0.612825
432789.034828	0.407902	494.726562	-13.183594
432789.036835	0.406950	4.476448	0.669596
432790.047843	0.345093	199.707031	-108.593750
432790.049844	0.408228	199.707031	-108.593750
432790.051844	0.406965	4.476616	0.727742
432791.130418	0.407800	470.605469	-8.593750
432791.132419	0.407224	4.479461	0.661911
432792.148461	0.408734	181.445312	-161.035156
432792.150462	0.408032	4.488350	0.754168
432793.228508	0.409903	479.101562	-11.230469
432793.230509	0.408809	4.496902	0.999410
432794.243508	0.410350	178.027344	-174.121094
432794.245510	0.409369	4.503061	0.698769
432795.325559	0.407894	469.140625	-10.156250
432795.327561	0.406643	4.473071	0.935965
432796.342549	0.409227	179.492187	-174.218750
432796.344549	0.408381	4.492196	0.673497
432797.391141	0.409904	484.277344	-14.453125
432797.393143	0.409194	4.501129	0.704214
432798.437141	0.397699	162.109375	-237.304687
432798.439145	0.408203	162.109375	-237.304687
432798.441144	0.407230	4.479531	0.661888
432799.485161	0.359200	487.890625	-15.722656
432799.487162	0.408102	487.890625	-15.722656
432799.489162	0.406926	4.476182	0.699909
432800.535195	0.409303	162.402344	-239.453125
432800.537196	0.407986	162.402344	-239.453125
432800.539196	0.407171	4.478885	0.628787
432801.583275	0.408093	489.355469	-16.406250
432801.585277	0.408554	4.494092	0.678994
432802.631294	0.390271	169.433594	-215.722656
432802.633295	0.407819	169.433594	-215.722656
432802.635295	0.406717	4.473886	0.578269
432803.681329	0.408139	463.281250	-9.082031
432803.683330	0.406914	4.476048	0.669535
432804.695291	0.360751	191.992187	-142.675781
432804.697292	0.364957	191.992187	-142.675781
432804.699293	0.406685	4.473532	0.734437
432805.779325	0.407465	472.656250	-8.886719
432805.781329	0.406565	4.472220	0.644506
432806.795877	0.411693	187.792969	-158.007812
432806.797880	0.411688	4.528567	0.806417
432807.873925	0.373236	461.132812	-5.273437
432807.875928	0.407574	461.132812	-5.273437
432807.877930	0.406402	4.470421	0.612723
432808.889960	0.388925	179.785156	-182.714844
432808.891961	0.407807	179.785156	-182.714844
432808.893961	0.407770	4.485469	0.693702
432809.940001	0.408286	481.250000	-7.324219
432809.942003	0.407062	4.477679	0.731580
432810.988072	0.409773	180.078125	-175.585937
432810.990075	0.408514	4.493658	0.673919
432812.036597	0.408824	476.757812	-5.664062
432812.038598	0.407634	4.483972	0.738245
432813.086657	0.408107	162.011719	-236.035156
432813.088658	0.407199	4.479186	0.612888
432814.132705	0.380456	487.402344	-8.300781
432814.134706	0.408252	487.402344	-8.300781
432814.136708	0.407196	4.479151	0.702639
432815.184701	0.407453	158.789062	-246.777344
432815.186704	0.407445	4.481898	0.570642
432816.230741	0.408712	478.222656	-6.640625
432816.232743	0.407892	4.486816	0.683263
432817.247264	0.407847	200.488281	-106.054687
432817.249268	0.406524	4.471768	0.751647
432818.327320	0.397833	471.386719	-5.078125
432818.329323	0.407639	471.386719	-5.078125
432818.331321	0.406553	4.472078	0.638765
432819.348303	0.405897	186.523437	-144.921875
432819.350303	0.405338	4.458714	0.728689
432820.424817	0.406850	464.355469	-4.296875
432820.426818	0.407929	4.487224	0.609397
432821.439799	0.365213	185.351562	-148.535156
432821.441798	0.407711	185.351562	-148.535156
432821.443799	0.406586	4.472442	0.710833
432822.487815	0.299349	484.863281	-8.398437
432822.489819	0.408604	484.863281	-8.398437
432822.491817	0.407298	4.480276	0.736362
432823.537852	0.409202	162.500000	-224.218750
432823.539855	0.409658	4.506234	0.656721
432824.589866	0.407847	469.238281	-4.980469
432824.591866	0.407237	4.479603	0.737113
432825.635903	0.408651	154.589844	-257.714844
432825.637905	0.407377	4.481144	0.611741
432826.683954	0.409923	478.808594	-6.835937
432826.685955	0.408638	4.495023	0.753803
432827.732516	0.408737	157.519531	-245.019531
432827.734519	0.407480	4.482279	0.586978
432828.780584	0.405317	477.832031	-6.054687
432828.782587	0.407664	4.484300	0.706274
432829.796556	0.407280	202.832031	-106.933594
432829.798558	0.407368	4.481047	0.773367
432830.878611	0.408218	464.941406	-4.296875
432830.882612	0.406049	4.466539	0.667916
432831.893194	0.394431	185.449219	-159.960937
432831.895196	0.408056	185.449219	-159.960937
432831.897197	0.407075	4.477821	0.754917
432832.975283	0.408199	454.785156	-3.320312
432832.977284	0.407012	4.477130	0.616608
432833.989825	0.355431	186.035156	-164.843750
432833.991828	0.408224	186.035156	-164.843750
432833.993827	0.406938	4.476315	0.710991
432835.038434	0.358380	486.230469	-9.179687
432835.040434	0.408121	486.230469	-9.179687
432835.042436	0.406877	4.475650	0.765055
432836.088438	0.409894	172.656250	-211.035156
432836.090438	0.408592	4.494509	0.724008
432837.136456	0.406461	477.636719	-7.324219
432837.138459	0.408039	4.488430	0.739643
432838.184506	0.386359	158.789062	-265.136719
432838.186507	0.407870	158.789062	-265.136719
432838.188508	0.406741	4.474152	0.648154
432839.234547	0.408444	475.292969	-7.421875
432839.236549	0.407172	4.478894	0.717022
432840.283101	0.409831	149.804687	-298.144531
432840.285103	0.408730	4.496033	0.844236
432841.331096	0.409503	473.046875	-8.691406
432841.333098	0.408496	4.493454	0.674810
432842.349105	0.407820	200.195312	-134.472656
432842.351108	0.407070	4.477768	0.818011
432843.429651	0.407940	463.964844	-9.375000
432843.431650	0.407002	4.477024	0.648415
432844.448199	0.405834	186.621094	-170.507812
432844.450199	0.405211	4.457323	0.778847
432845.526725	0.409233	437.890625	-6.933594
432845.528726	0.408296	4.491257	0.611378
432846.540782	0.405288	178.808594	-197.265625
432846.542782	0.408460	178.808594	-197.265625
432846.544783	0.407493	4.482420	0.720255
432847.622814	0.408514	452.148437	-8.886719
432847.624815	0.407217	4.479390	0.578319
432848.639368	0.407444	181.250000	-192.480469
432848.641368	0.406250	4.468755	0.688432
432849.685376	0.316363	477.441406	-13.183594
432849.687378	0.408518	477.441406	-13.183594
432849.689384	0.407143	4.478575	0.733818
432850.737457	0.409563	154.492187	-284.082031
432850.739459	0.408775	4.496521	0.630311
432851.783481	0.398827	484.863281	-14.160156
432851.785485	0.407714	484.863281	-14.160156
432851.787485	0.406697	4.473665	0.732381
432852.831549	0.366379	150.781250	-296.191406
432852.833552	0.407996	150.781250	-296.191406
432852.835551	0.407942	4.487366	0.576548
432853.883573	0.407337	454.199219	-7.812500
432853.885575	0.406528	4.471804	0.809602
432854.897580	0.408100	198.242187	-137.890625
432854.899581	0.406843	4.475278	0.795576
432855.978103	0.407058	468.652344	-9.179687
432855.980104	0.407966	4.487623	0.648488
432856.995051	0.408207	190.429687	-162.988281
432856.997051	0.406990	4.476891	0.773176
432858.075608	0.408613	464.843750	-8.007812
432858.077611	0.407429	4.481721	0.621510
432859.091651	0.408626	186.816406	-175.488281
432859.093651	0.407220	4.479425	0.733341
432860.172682	0.408584	448.144531	-6.250000
432860.174683	0.407531	4.482846	0.579777
432861.189251	0.408767	175.781250	-208.496094
432861.191250	0.407630	4.483927	0.688626
432862.235841	0.355321	479.492187	-11.621094
432862.237842	0.408361	479.492187	-11.621094
432862.239841	0.407182	4.479000	0.772622
432863.285911	0.408862	152.734375	-289.550781
432863.287913	0.407606	4.483670	0.704080
432864.333973	0.407497	468.164062	-9.667969
432864.339974	0.406696	4.473656	0.737433
432865.381987	0.388283	144.042969	-325.292969
432865.383989	0.407422	144.042969	-325.292969
432865.385989	0.406299	4.469287	0.577207
432866.431997	0.408370	455.761719	-8.007812
432866.433998	0.407172	4.478894	0.711581
432867.445953	0.354507	181.445312	-192.382812
432867.447952	0.407611	181.445312	-192.382812
432867.449953	0.406282	4.469101	0.796218
432868.528041	0.403008	459.277344	-9.179687
432868.532037	0.407032	459.277344	-9.179687
432868.534039	0.406488	4.471369	0.671366
432869.544097	0.407384	179.980469	-200.488281
432869.546100	0.407847	4.486320	0.779984
432870.626185	0.408742	435.742187	-6.640625
432870.628186	0.407482	4.482306	0.625551
432871.640176	0.345398	174.609375	-219.726562
432871.642178	0.407947	174.609375	-219.726562
432871.644177	0.406675	4.473425	0.748515
432872.724229	0.409342	448.046875	-7.714844
432872.726229	0.408362	4.491983	0.562822
432873.738826	0.410405	178.320312	-209.667969
432873.740828	0.409186	4.501050	0.734025
432874.787752	0.408489	481.542969	-11.621094
432874.789755	0.407193	4.479124	0.764915
432875.836277	0.410071	162.695312	-260.058594
432875.838281	0.409999	4.509992	0.815694
432876.884310	0.408297	479.492187	-9.375000
432876.886311	0.407516	4.482677	0.754060
432877.932319	0.398665	160.644531	-270.605469
432877.934321	0.408343	160.644531	-270.605469
432877.936320	0.407344	4.480781	0.568254
432878.982384	0.408750	446.386719	-3.417969
432878.984385	0.407678	4.484459	1.068657
432880.028376	0.293852	145.312500	-332.812500
432880.030380	0.409704	145.312500	-332.812500
432880.032384	0.408394	4.492329	0.535311
432881.078398	0.408245	445.703125	-2.734375
432881.080405	0.409169	4.500863	0.677374
432882.096516	0.409069	187.792969	-174.804687
432882.100515	0.407777	4.485549	0.777273
432883.178538	0.407361	450.781250	-2.246094
432883.180540	0.406652	4.473177	0.934363
432884.191485	0.408299	187.304687	-171.093750
432884.193487	0.407890	4.486790	0.735583
432885.272046	0.381329	422.851562	0.390625
432885.274051	0.408189	422.851562	0.390625
432885.276057	0.407130	4.478433	0.600910
432886.288081	0.394656	168.359375	-231.445312
432886.290082	0.407643	168.359375	-231.445312
432886.292081	0.406594	4.472539	0.675256
432887.336101	0.352911	463.964844	-4.101562
432887.338103	0.408170	463.964844	-4.101562
432887.340104	0.406962	4.476581	0.794709
432888.384110	0.279301	168.652344	-230.078125
432888.386114	0.409763	168.652344	-230.078125
432888.388115	0.408492	4.493410	0.631830
432889.434693	0.409965	465.527344	-4.003906
432889.436696	0.408734	4.496068	0.799413
432890.482775	0.407051	149.511719	-301.464844
432890.484777	0.408310	4.491407	0.566252
432891.530828	0.388045	450.878906	-2.050781
432891.532830	0.408571	450.878906	-2.050781
432891.534829	0.407594	4.483538	0.717817
432892.580859	0.409042	139.062500	-341.601562
432892.582861	0.407927	4.487197	0.522103
432893.628889	0.410483	437.988281	-0.488281
432893.630893	0.409533	4.504860	0.669339
432894.644889	0.409846	192.675781	-147.656250
432894.646890	0.408535	4.493880	0.843833
432895.726916	0.408052	449.316406	-1.464844
432895.728919	0.406896	4.475853	0.637255
432896.741464	0.406398	175.292969	-202.246094
432896.743466	0.407718	4.484893	0.738181
432897.823548	0.409223	419.531250	0.878906
432897.825551	0.408045	4.488492	0.588549
432898.837561	0.340280	169.921875	-225.000000
432898.839564	0.408744	169.921875	-225.000000
432898.841565	0.408673	4.495404	0.697720
432899.887644	0.408596	462.988281	-3.515625
432899.889645	0.407411	4.481526	0.792375
432900.935614	0.405620	160.546875	-264.257812
432900.937617	0.410387	160.546875	-264.257812
432900.941616	0.408990	4.498887	0.629283
432901.983664	0.376492	454.980469	-2.441406
432901.985666	0.408074	454.980469	-2.441406
432901.987665	0.406970	4.476669	0.782470
432903.035701	0.407127	168.554687	-236.035156
432903.037702	0.406347	4.469819	0.576841
432904.080683	0.365429	449.609375	-1.269531
432904.082685	0.408094	449.609375	-1.269531
432904.084685	0.406897	4.475863	0.737470
432905.129171	0.357422	141.894531	-346.386719
432905.133171	0.407071	141.894531	-346.386719
432905.135172	0.406362	4.469978	0.513112
432906.181183	0.407783	439.550781	-0.390625
432906.183183	0.406988	4.476864	0.745500
432907.195187	0.409161	182.617187	-197.167969
432907.197189	0.407836	4.486196	0.931821
432908.275651	0.404583	425.781250	0.195312
432908.277651	0.409213	4.501342	0.620265
432909.295648	0.406961	172.558594	-233.398437
432909.297648	0.406278	4.469057	0.745698
432910.373677	0.410234	441.406250	-2.148437
432910.375677	0.408924	4.498160	0.735936
432911.389753	0.411667	184.082031	-196.386719
432911.391755	0.411540	4.526936	0.969434
432912.437781	0.410174	469.238281	-7.324219
432912.439783	0.408986	4.498843	0.829272
432913.485864	0.407349	170.703125	-238.476562
432913.487866	0.409389	4.503283	0.638249
432914.536393	0.407452	464.160156	-8.593750
432914.538394	0.406432	4.470749	0.770945
432915.582428	0.379809	153.613281	-298.046875
432915.584432	0.407655	153.613281	-298.046875
432915.586431	0.406532	4.471848	0.585274
432916.630490	0.330166	471.875000	-11.230469
432916.632495	0.408304	471.875000	-11.230469
432916.634493	0.407002	4.477024	0.734791
432917.680496	0.409604	141.015625	-346.777344
432917.682496	0.408743	4.496175	0.511936
432918.730574	0.408467	457.617187	-9.277344
432918.732577	0.407480	4.482279	0.675568
432919.743114	0.282818	190.332031	-179.589844
432919.745116	0.408673	190.332031	-179.589844
432919.747116	0.407324	4.480568	0.829220
432920.827700	0.409370	448.535156	-8.105469
432920.829702	0.408518	4.493693	0.623504
