time (s)	coil I (A)	last det (V)	int current (uC)
5395.076428	0.700868	143.750000	200.781250
5395.078430	1.030040	143.750000	200.781250
5395.080429	1.105579	143.750000	200.781250
5395.082429	1.102368	12.126052	0.382908
5396.182462	0.899259	381.250000	-167.187500
5396.184465	0.907939	381.250000	-167.187500
5396.186466	1.103940	381.250000	-167.187500
5396.188464	1.101612	12.117730	0.119595
5397.167039	0.537400	144.726562	199.804687
5397.169041	0.894067	144.726562	199.804687
5397.171042	1.105239	144.726562	199.804687
5397.173041	1.105846	12.164301	0.104126
5398.273058	0.460687	375.976562	-161.914062
5398.275060	0.820154	375.976562	-161.914062
5398.277059	1.087314	375.976562	-161.914062
5398.279060	1.104391	375.976562	-161.914062
5398.281060	1.101842	12.120265	0.114036
5399.263101	0.974715	143.847656	202.539062
5399.265102	0.979756	143.847656	202.539062
5399.267103	1.103280	12.136076	0.098758
5400.361677	0.860849	376.464844	-160.058594
5400.363680	1.097682	376.464844	-160.058594
5400.369678	1.099654	376.464844	-160.058594
5400.371679	1.098612	12.084737	0.104554
5401.349770	0.609113	139.453125	207.519531
5401.351772	0.766837	139.453125	207.519531
5401.353771	1.104441	139.453125	207.519531
5401.355772	1.101566	12.117226	0.097234
5402.449814	0.714379	389.746094	-162.402344
5402.451818	1.038409	389.746094	-162.402344
5402.453817	1.105194	389.746094	-162.402344
5402.455818	1.102011	12.122117	0.115232
5403.435899	0.432021	141.113281	207.128906
5403.437901	0.792409	141.113281	207.128906
5403.439899	1.077338	141.113281	207.128906
5403.441900	1.104469	141.113281	207.128906
5403.443900	1.101647	12.118112	0.102196
5404.535974	0.671961	392.480469	-159.863281
5404.537976	1.010739	392.480469	-159.863281
5404.539976	1.106789	392.480469	-159.863281
5404.541976	1.103419	12.137609	0.121018
5405.526461	0.626905	143.066406	204.980469
5405.528463	0.975965	143.066406	204.980469
5405.530464	1.107513	143.066406	204.980469
5405.532464	1.104059	12.144654	0.102710
5406.624481	0.403839	391.406250	-154.980469
5406.626484	0.765456	391.406250	-154.980469
5406.628484	1.065563	391.406250	-154.980469
5406.630483	1.104278	391.406250	-154.980469
5406.632484	1.101394	12.115337	0.116632
5407.618506	0.984652	139.843750	210.156250
5407.620508	1.105826	139.843750	210.156250
5407.622508	1.102476	12.127240	0.121686
5408.712569	0.886762	389.550781	-153.027344
5408.714571	1.102240	389.550781	-153.027344
5408.716571	1.103516	389.550781	-153.027344
5408.720572	1.099586	12.095442	0.114323
5409.710607	0.825328	140.039062	210.546875
5409.712613	1.088795	140.039062	210.546875
5409.714613	1.104238	140.039062	210.546875
5409.716616	1.101575	12.117323	0.096820
5410.798636	0.647484	379.785156	-148.046875
5410.800638	0.992335	379.785156	-148.046875
5410.802639	1.107044	379.785156	-148.046875
5410.804638	1.103644	12.140089	0.180230
5411.802678	0.740761	143.164062	208.203125
5411.804681	1.053264	143.164062	208.203125
5411.806680	1.104752	143.164062	208.203125
5411.808680	1.101757	12.119327	0.557272
5412.881654	0.405538	384.765625	-150.000000
5412.883655	0.767117	384.765625	-150.000000
5412.885656	1.066752	384.765625	-150.000000
5412.887654	1.104955	384.765625	-150.000000
5412.889656	1.102190	12.124084	0.118147
5413.891702	0.567738	139.257812	214.550781
5413.893703	0.923020	139.257812	214.550781
5413.895703	1.106347	139.257812	214.550781
5413.897704	1.104325	12.147571	0.098340
5414.967770	0.448661	374.707031	-148.437500
5414.969773	0.808455	374.707031	-148.437500
5414.971772	1.083332	374.707031	-148.437500
5414.973771	1.104334	374.707031	-148.437500
5414.977771	1.099822	12.098039	0.116517
5415.983804	0.488709	140.039062	215.039062
5415.985806	0.846795	140.039062	215.039062
5415.987807	1.094513	140.039062	215.039062
5415.989807	1.103886	140.039062	215.039062
5415.991807	1.103790	12.141694	0.097130
5417.053870	0.577288	379.101562	-152.636719
5417.055873	0.931985	379.101562	-152.636719
5417.057875	1.105945	379.101562	-152.636719
5417.059875	1.103495	12.138451	0.122523
5418.073904	0.321114	138.574219	219.824219
5418.075908	0.337326	138.574219	219.824219
5418.077909	1.020739	138.574219	219.824219
5418.081908	1.105312	138.574219	219.824219
5418.083908	1.100005	12.100060	0.097542
5419.145956	1.099954	355.761719	-149.804687
5419.147959	1.103806	355.761719	-149.804687
5419.149959	1.101380	12.115179	0.115163
5420.166001	0.798125	142.675781	218.945312
5420.168004	1.078961	142.675781	218.945312
5420.170005	1.103474	142.675781	218.945312
5420.172004	1.100639	12.107034	0.094303
5421.230543	0.444527	348.339844	-150.976562
5421.232542	0.804398	348.339844	-150.976562
5421.234543	1.081941	348.339844	-150.976562
5421.236542	1.104431	348.339844	-150.976562
5421.238542	1.101580	12.117376	0.117784
5422.252543	0.361418	141.015625	225.000000
5422.254547	0.724986	141.015625	225.000000
5422.256545	1.044522	141.015625	225.000000
5422.258545	1.104612	141.015625	225.000000
5422.260546	1.101572	12.117296	0.098063
5423.320595	0.827390	350.195312	-155.175781
5423.322597	1.088971	350.195312	-155.175781
5423.324599	1.103599	350.195312	-155.175781
5423.326597	1.100876	12.109640	0.114281
5424.342699	0.764627	141.796875	227.734375
5424.344700	1.065351	141.796875	227.734375
5424.346705	1.104674	141.796875	227.734375
5424.348701	1.101866	12.120531	0.095633
5425.407244	0.502656	349.511719	-156.347656
5425.409245	0.860360	349.511719	-156.347656
5425.411244	1.097350	349.511719	-156.347656
5425.413244	1.103508	349.511719	-156.347656
5425.415246	1.100924	12.110162	0.114992
5426.427808	0.438587	139.941406	232.226562
5426.429809	0.798577	139.941406	232.226562
5426.431809	1.079430	139.941406	232.226562
5426.433809	1.104011	139.941406	232.226562
5426.435810	1.101149	12.112635	0.101026
5427.498472	0.637607	339.355469	-155.273437
5427.500475	0.984582	339.355469	-155.273437
5427.504475	1.104475	339.355469	-155.273437
5427.506476	1.102379	12.126167	0.110525
5428.514528	0.403124	135.839844	239.941406
5428.516529	0.764596	135.839844	239.941406
5428.518528	1.065108	135.839844	239.941406
5428.520529	1.104130	135.839844	239.941406
5428.522528	1.101201	12.113211	0.101501
5429.584584	0.398585	335.644531	-153.906250
5429.586585	0.760341	335.644531	-153.906250
5429.588585	1.063187	335.644531	-153.906250
5429.590584	1.104416	335.644531	-153.906250
5429.592585	1.101467	12.116136	0.106170
5430.602664	0.533211	136.230469	240.039062
5430.604665	0.889763	136.230469	240.039062
5430.606666	1.102206	136.230469	240.039062
5430.608665	1.103230	136.230469	240.039062
5430.610667	1.100795	12.108744	0.090300
5431.676685	0.504673	347.265625	-154.882812
5431.678685	0.862206	347.265625	-154.882812
5431.680686	1.097471	347.265625	-154.882812
5431.684684	1.100559	347.265625	-154.882812
5431.686686	1.099099	12.090090	0.107767
5432.688744	0.378162	139.843750	238.085937
5432.690747	0.740820	139.843750	238.085937
5432.692745	1.053193	139.843750	238.085937
5432.694745	1.057469	139.843750	238.085937
5432.696745	1.101389	12.115275	0.099943
5433.766775	0.331581	342.187500	-151.269531
5433.768776	0.696647	342.187500	-151.269531
5433.770777	1.027033	342.187500	-151.269531
5433.772776	1.105055	342.187500	-151.269531
5433.774777	1.101813	12.119946	0.103479
5434.776833	0.591324	136.718750	242.382812
5434.778834	0.945038	136.718750	242.382812
5434.780835	1.105984	136.718750	242.382812
5434.782834	1.103103	12.134134	0.095604
5435.855388	0.550862	347.460937	-151.757812
5435.857394	0.906845	347.460937	-151.757812
5435.859391	1.104536	347.460937	-151.757812
5435.861392	1.103533	12.138858	0.107110
5436.865452	0.623728	137.011719	243.457031
5436.867452	0.973011	137.011719	243.457031
5436.869454	1.106778	137.011719	243.457031
5436.871458	1.103412	12.137528	0.097873
5437.942425	0.665869	357.812500	-153.125000
5437.944426	1.006091	357.812500	-153.125000
5437.946427	1.106843	357.812500	-153.125000
5437.948427	1.103422	12.137644	0.236277
5438.956426	0.800806	134.863281	247.656250
5438.958427	1.080458	134.863281	247.656250
5438.962425	1.101494	134.863281	247.656250
5438.964427	1.099816	12.097977	0.096125
5440.030998	0.598101	351.855469	-149.316406
5440.033001	0.951275	351.855469	-149.316406
5440.035002	1.109765	351.855469	-149.316406
5440.037000	1.106529	12.171818	0.108993
5441.045051	0.741303	130.273437	255.273437
5441.047054	1.053619	130.273437	255.273437
5441.049053	1.104670	130.273437	255.273437
5441.053052	1.099820	12.098021	0.549632
5442.117084	0.538938	358.691406	-150.488281
5442.119105	0.895255	358.691406	-150.488281
5442.121108	1.104240	358.691406	-150.488281
5442.125107	1.101815	358.691406	-150.488281
5442.127108	1.100257	12.102823	0.106873
5443.132106	0.398235	131.835937	254.589844
5443.134107	0.759928	131.835937	254.589844
5443.136107	1.062855	131.835937	254.589844
5443.138108	1.104277	131.835937	254.589844
5443.140108	1.101381	12.115187	0.096248
5444.204156	0.662017	355.566406	-147.167969
5444.206158	1.003160	355.566406	-147.167969
5444.208158	1.106331	355.566406	-147.167969
5444.210159	1.102910	12.132008	0.223702
5445.222188	0.599914	132.910156	253.808594
5445.224193	0.952474	132.910156	253.808594
5445.226191	1.106393	132.910156	253.808594
5445.228194	1.103240	12.135641	0.093370
5446.292277	0.695833	361.230469	-147.558594
5446.294280	1.026411	361.230469	-147.558594
5446.296280	1.104951	361.230469	-147.558594
5446.298281	1.101658	12.118236	0.355442
5447.313245	0.968666	134.472656	248.828125
5447.315247	1.105034	134.472656	248.828125
5447.317248	1.101564	12.117199	0.092719
5448.375783	0.354080	355.371094	-144.238281
5448.377784	0.718045	355.371094	-144.238281
5448.379786	1.040182	355.371094	-144.238281
5448.381788	1.104417	355.371094	-144.238281
5448.383786	1.101265	12.113920	0.110023
5449.401783	0.719308	130.566406	255.859375
5449.403786	1.040775	130.566406	255.859375
5449.405785	1.104242	130.566406	255.859375
5449.407784	1.101008	12.111083	0.096106
5450.467835	0.991079	370.214844	-142.773437
5450.469837	1.105503	370.214844	-142.773437
5450.471836	1.102073	12.122800	0.165617
5451.490369	0.559154	134.179687	250.781250
5451.494370	1.105480	134.179687	250.781250
5451.496371	1.103862	134.179687	250.781250
5451.498372	1.101582	12.117403	0.089373
5452.551286	0.474781	366.308594	-138.085937
5452.553288	0.833319	366.308594	-138.085937
5452.555288	1.090851	366.308594	-138.085937
5452.557288	1.103786	366.308594	-138.085937
5452.559287	1.101112	12.112226	0.113792
5453.581312	1.052992	133.105469	249.804687
5453.583315	1.104145	133.105469	249.804687
5453.585315	1.101060	12.111660	0.534929
5454.640288	0.576313	370.996094	-134.667969
5454.642290	0.930996	370.996094	-134.667969
5454.644289	1.106139	370.996094	-134.667969
5454.646291	1.103773	12.141508	0.106956
5455.666369	0.766267	131.933594	249.804687
5455.668369	1.065376	131.933594	249.804687
5455.670369	1.103429	131.933594	249.804687
5455.672370	1.100327	12.103595	0.089796
5456.730917	0.874601	379.785156	-131.542969
5456.732920	1.099429	379.785156	-131.542969
5456.734925	1.101345	379.785156	-131.542969
5456.736929	1.099960	12.099563	0.108523
5457.750952	0.439947	130.371094	250.000000
5457.752955	0.799701	130.371094	250.000000
5457.754954	1.079259	130.371094	250.000000
5457.756954	1.103089	130.371094	250.000000
5457.758954	1.100218	12.102399	0.090804
5458.816979	0.448497	408.203125	-132.421875
5458.818982	0.807975	408.203125	-132.421875
5458.820983	1.082710	408.203125	-132.421875
5458.822980	1.103822	408.203125	-132.421875
5458.824981	1.100996	12.110960	0.113822
5459.839929	0.810747	129.687500	249.218750
5459.841932	1.083422	129.687500	249.218750
5459.843932	1.103375	129.687500	249.218750
5459.845933	1.100654	12.107193	0.086534
5460.906511	0.364099	404.492187	-128.613281
5460.908512	0.727450	404.492187	-128.613281
5460.910513	1.045752	404.492187	-128.613281
5460.912514	1.104405	404.492187	-128.613281
5460.914512	1.101243	12.113672	0.110052
5461.924584	0.683229	130.859375	246.679687
5461.930585	1.100838	130.859375	246.679687
5461.932586	1.099027	130.859375	246.679687
5461.934586	1.097904	12.076946	0.085868
5462.997190	0.491918	408.984375	-126.953125
5462.999191	0.849711	408.984375	-126.953125
5463.001192	1.094570	408.984375	-126.953125
5463.003193	1.102928	408.984375	-126.953125
5463.005192	1.100250	12.102745	0.106979
5464.011243	0.990819	131.445312	247.949219
5464.013242	1.105966	131.445312	247.949219
5464.015244	1.102551	12.128063	0.131675
5465.089280	1.026669	425.000000	-126.953125
5465.091283	1.106002	425.000000	-126.953125
5465.093282	1.102703	12.129730	0.361456
5466.096256	0.571582	125.878906	255.371094
5466.098258	0.926404	125.878906	255.371094
5466.100256	1.104458	125.878906	255.371094
5466.104255	1.099818	12.097994	0.085882
5467.180298	1.027573	425.683594	-126.953125
5467.182299	1.104411	425.683594	-126.953125
5467.184300	1.101033	12.111368	0.108872
5468.182896	0.705929	127.734375	254.199219
5468.186894	1.103624	127.734375	254.199219
5468.188896	1.100373	127.734375	254.199219
5468.190896	1.098495	12.083443	0.394463
5469.264943	0.648748	427.343750	-125.878906
5469.266944	0.664080	427.343750	-125.878906
5469.268945	1.108493	427.343750	-125.878906
5469.270944	1.104998	12.154980	0.177163
5470.271020	0.920117	127.636719	256.054687
5470.273023	1.104758	127.636719	256.054687
5470.275022	1.102806	12.130864	0.083744
5471.353652	0.603077	421.777344	-124.316406
5471.355654	0.955182	421.777344	-124.316406
5471.357654	1.105434	421.777344	-124.316406
5471.359655	1.102281	12.125087	0.104097
5472.357677	0.695516	127.929687	258.398437
5472.359678	1.026034	127.929687	258.398437
5472.361678	1.104491	127.929687	258.398437
5472.363677	1.101112	12.112236	0.343404
5473.440623	0.430324	425.585937	-123.730469
5473.442626	0.790474	425.585937	-123.730469
5473.444626	1.075765	425.585937	-123.730469
5473.446625	1.103251	425.585937	-123.730469
5473.448626	1.100266	12.102921	0.106143
5474.446662	0.877174	127.148437	260.351562
5474.448664	1.099558	127.148437	260.351562
5474.450664	1.102293	127.148437	260.351562
5474.452663	1.099666	12.096329	0.086173
5475.529217	0.453946	439.257812	-125.585937
5475.531221	0.813121	439.257812	-125.585937
5475.533220	1.083833	439.257812	-125.585937
5475.535220	1.102775	439.257812	-125.585937
5475.537219	1.099977	12.099749	0.104107
5476.531271	0.558088	122.949219	266.699219
5476.533273	0.913549	122.949219	266.699219
5476.535274	1.104868	122.949219	266.699219
5476.537273	1.103463	12.138096	0.085024
5477.617765	0.657544	434.082031	-124.707031
5477.619767	0.999505	434.082031	-124.707031
5477.621766	1.105262	434.082031	-124.707031
5477.623766	1.105128	12.156406	0.107038
5478.622339	0.663084	125.878906	261.621094
5478.624340	1.003519	125.878906	261.621094
5478.626342	1.104944	125.878906	261.621094
5478.628341	1.101472	12.116198	0.080857
5479.702912	0.430641	432.226562	-123.437500
5479.704912	0.790729	432.226562	-123.437500
5479.708911	1.103254	432.226562	-123.437500
5479.710912	1.100335	432.226562	-123.437500
5479.712912	1.098742	12.086164	0.104083
5480.706969	0.435565	125.878906	262.695312
5480.708970	0.795437	125.878906	262.695312
5480.712968	1.104949	125.878906	262.695312
5480.714969	1.102288	125.878906	262.695312
5480.718967	1.099333	12.092660	0.082945
5481.789469	0.364140	432.714844	-122.363281
5481.791472	0.727308	432.714844	-122.363281
5481.793472	1.045689	432.714844	-122.363281
5481.795472	1.104603	432.714844	-122.363281
5481.797471	1.101404	12.115443	0.103780
5482.797478	0.713470	125.683594	264.941406
5482.799479	1.037295	125.683594	264.941406
5482.801479	1.104437	125.683594	264.941406
5482.803480	1.101127	12.112394	0.417794
5483.878053	0.760135	441.601562	-121.679687
5483.880056	1.062444	441.601562	-121.679687
5483.882055	1.103558	441.601562	-121.679687
5483.884053	1.100552	12.106077	0.103962
5484.885022	0.460293	122.167969	270.019531
5484.887025	0.819110	122.167969	270.019531
5484.891023	1.103238	122.167969	270.019531
5484.893025	1.100483	122.167969	270.019531
5484.895024	1.098865	12.087520	0.084085
5485.961042	0.326607	425.976562	-119.238281
5485.963045	0.691742	425.976562	-119.238281
5485.965045	1.023394	425.976562	-119.238281
5485.967044	1.104462	425.976562	-119.238281
5485.969045	1.101106	12.112165	0.107846
5486.975084	0.658074	121.972656	270.703125
5486.977086	1.000224	121.972656	270.703125
5486.979085	1.106471	121.972656	270.703125
5486.981086	1.103094	12.134038	0.081941
5488.051154	0.631179	429.785156	-120.019531
5488.053156	0.979045	429.785156	-120.019531
5488.057155	1.102891	429.785156	-120.019531
5488.059156	1.100643	12.107078	0.101840
5489.065747	1.028184	121.484375	272.363281
5489.067750	1.105210	121.484375	272.363281
5489.071747	1.100031	12.100343	0.352092
5490.135874	0.879635	416.894531	-117.773437
5490.137876	1.100187	416.894531	-117.773437
5490.139877	1.102487	416.894531	-117.773437
5490.141874	1.099951	12.099456	0.102261
5491.155894	0.720215	123.144531	271.484375
5491.157896	1.041529	123.144531	271.484375
5491.159896	1.104535	123.144531	271.484375
5491.161895	1.101482	12.116303	0.079553
5492.225950	1.043335	418.847656	-119.824219
5492.229951	1.100661	418.847656	-119.824219
5492.231954	1.098795	12.086748	0.098583
5493.242499	0.846008	123.632812	272.851562
5493.244502	1.093511	123.632812	272.851562
5493.246500	1.102774	123.632812	272.851562
5493.248501	1.100093	12.101025	0.081099
5494.304549	0.415632	420.117187	-121.875000
5494.306549	0.776351	420.117187	-121.875000
5494.308550	1.070172	420.117187	-121.875000
5494.310551	1.103802	420.117187	-121.875000
5494.312549	1.100887	12.109754	0.104031
5495.333093	0.862267	122.460937	278.906250
5495.335094	1.096940	122.460937	278.906250
5495.337095	1.102512	122.460937	278.906250
5495.339094	1.099880	12.098676	0.079689
5496.393124	0.623660	419.042969	-123.242187
5496.395124	0.972727	419.042969	-123.242187
5496.397127	0.978067	419.042969	-123.242187
5496.399126	1.103032	12.133354	0.106094
5497.420073	0.510406	123.535156	280.273437
5497.422075	0.867612	123.535156	280.273437
5497.424075	1.099200	123.535156	280.273437
5497.426076	1.103892	123.535156	280.273437
5497.428075	1.101373	12.115099	0.079273
5498.480111	0.545729	403.515625	-122.851562
5498.482119	0.901674	403.515625	-122.851562
5498.484117	1.102700	403.515625	-122.851562
5498.486116	1.102023	12.122251	0.102299
5499.506149	0.451296	127.343750	277.734375
5499.508151	0.810551	127.343750	277.734375
5499.510151	1.083570	127.343750	277.734375
5499.512150	1.103770	127.343750	277.734375
5499.514151	1.100929	12.110225	0.084202
5500.566752	0.497068	393.945312	-123.925781
5500.568753	0.854645	393.945312	-123.925781
5500.570754	1.095404	393.945312	-123.925781
5500.572753	1.102624	393.945312	-123.925781
5500.574753	1.099919	12.099112	0.100880
5501.594812	0.397001	122.265625	289.062500
5501.596814	0.758569	122.265625	289.062500
5501.598814	1.062125	122.265625	289.062500
5501.600815	1.104221	122.265625	289.062500
5501.602814	1.101272	12.113991	0.081828
5502.654850	0.617322	388.574219	-125.000000
5502.656851	0.967276	388.574219	-125.000000
5502.658851	1.105104	388.574219	-125.000000
5502.660852	1.101688	12.118572	0.100139
5503.680890	0.336210	126.757812	284.179687
5503.682892	0.700835	126.757812	284.179687
5503.684892	1.029403	126.757812	284.179687
5503.686891	1.104360	126.757812	284.179687
5503.688893	1.100940	12.110340	0.081219
5504.742889	0.451343	382.226562	-125.195312
5504.744891	0.810664	382.226562	-125.195312
5504.746892	1.083430	382.226562	-125.195312
5504.748894	1.103489	382.226562	-125.195312
5504.750894	1.100626	12.106883	0.102408
5505.770974	0.988683	119.824219	296.289062
5505.772976	1.105137	119.824219	296.289062
5505.774977	1.101621	12.117827	0.120649
5506.833031	0.756333	381.152344	-126.074219
5506.835033	1.060737	381.152344	-126.074219
5506.837033	1.103600	381.152344	-126.074219
5506.839033	1.100609	12.106697	0.101181
5507.857084	0.942071	123.339844	292.382812
5507.859084	1.104837	123.339844	292.382812
5507.861084	1.101810	12.119911	0.080188
5508.919617	0.513441	378.417969	-124.707031
5508.921618	0.870397	378.417969	-124.707031
5508.923618	1.098496	378.417969	-124.707031
5508.925617	1.102467	378.417969	-124.707031
5508.927620	1.099829	12.098119	0.100758
5509.941688	0.624817	124.218750	293.945312
5509.943690	0.973694	124.218750	293.945312
5509.945693	1.106114	124.218750	293.945312
5509.949691	1.100570	12.106271	0.081908
5511.010261	0.984283	377.441406	-124.511719
5511.014261	1.101585	377.441406	-124.511719
5511.016269	1.099545	12.094990	0.123137
5512.028304	0.663453	124.511719	294.335937
5512.030306	1.003794	124.511719	294.335937
5512.032306	1.105224	124.511719	294.335937
5512.034306	1.101753	12.119282	0.203256
5513.096867	0.574703	377.148437	-124.609375
5513.098867	0.929364	377.148437	-124.609375
5513.100868	1.105145	377.148437	-124.609375
5513.102868	1.102816	12.130980	0.097790
5514.112915	0.339616	122.070312	296.484375
5514.114919	0.704036	122.070312	296.484375
5514.116918	1.031473	122.070312	296.484375
5514.118919	1.104362	122.070312	296.484375
5514.120924	1.100988	12.110871	0.084388
5515.182941	0.326603	381.152344	-126.562500
5515.184942	0.691588	381.152344	-126.562500
5515.186941	1.023366	381.152344	-126.562500
5515.188940	1.104410	381.152344	-126.562500
5515.190941	1.100943	12.110375	0.098681
5516.200969	0.361467	118.847656	299.316406
5516.202970	0.724762	118.847656	299.316406
5516.204969	1.043966	118.847656	299.316406
5516.206970	1.104134	118.847656	299.316406
5516.208969	1.100857	12.109426	0.082816
5517.271012	0.633894	381.835937	-126.269531
5517.273014	0.981149	381.835937	-126.269531
5517.275016	1.106194	381.835937	-126.269531
5517.279014	1.100662	12.107282	0.098979
5518.289063	0.484669	121.289062	295.214844
5518.291064	0.842655	121.289062	295.214844
5518.293064	1.092427	121.289062	295.214844
5518.295064	1.102548	121.289062	295.214844
5518.297064	1.099893	12.098819	0.079543
5519.363644	1.105074	392.285156	-127.148437
5519.365646	1.104942	392.285156	-127.148437
5519.367644	1.099615	12.095770	0.234026
5520.376177	0.521223	118.945312	300.390625
5520.378180	0.877901	118.945312	300.390625
5520.380184	1.099521	118.945312	300.390625
5520.382181	1.102060	118.945312	300.390625
5520.384182	1.099565	12.095211	0.080904
5521.444217	0.522501	389.062500	-124.609375
5521.446219	0.879192	389.062500	-124.609375
5521.448218	1.100422	389.062500	-124.609375
5521.450218	1.102807	389.062500	-124.609375
5521.452219	1.100174	12.101911	0.097976
5522.464279	0.363391	117.285156	304.003906
5522.466280	0.726648	117.285156	304.003906
5522.468280	1.044963	117.285156	304.003906
5522.470280	1.104120	117.285156	304.003906
5522.472280	1.100875	12.109621	0.080553
5523.530323	0.374714	388.964844	-123.437500
5523.532324	0.737255	388.964844	-123.437500
5523.534324	1.050923	388.964844	-123.437500
5523.536325	1.103919	388.964844	-123.437500
5523.538323	1.100899	12.109887	0.098900
5524.554393	0.666303	117.871094	303.613281
5524.556394	1.005882	117.871094	303.613281
5524.558393	1.105200	117.871094	303.613281
5524.560394	1.101769	12.119459	0.225067
5525.616429	0.414230	403.222656	-124.511719
5525.618429	0.774898	403.222656	-124.511719
5525.620427	1.069276	403.222656	-124.511719
5525.622429	1.103487	403.222656	-124.511719
5525.624428	1.100536	12.105890	0.103764
5526.640945	0.320627	118.261719	303.808594
5526.642948	0.685983	118.261719	303.808594
5526.646945	1.104478	118.261719	303.808594
5526.648948	1.101016	118.261719	303.808594
5526.650949	1.099090	12.089991	0.081558
5527.702982	0.347934	401.367187	-121.777344
5527.704981	0.711833	401.367187	-121.777344
5527.706983	1.036119	401.367187	-121.777344
5527.708983	1.103865	401.367187	-121.777344
5527.710983	1.100574	12.106316	0.100040
5528.731025	0.712111	122.656250	296.875000
5528.733029	0.724110	122.656250	296.875000
5528.735029	1.103705	122.656250	296.875000
5528.737027	1.100392	12.104313	0.080038
5529.789613	0.392026	404.394531	-120.117187
5529.791614	0.753844	404.394531	-120.117187
5529.793615	1.059501	404.394531	-120.117187
5529.795614	1.103746	404.394531	-120.117187
5529.797614	1.100743	12.108169	0.099036
5530.819629	0.740060	123.046875	294.726562
5530.821631	1.052158	123.046875	294.726562
5530.823632	1.103342	123.046875	294.726562
5530.825632	1.100137	12.101512	0.079649
5531.876598	0.499196	426.269531	-120.507812
5531.878599	0.856603	426.269531	-120.507812
5531.880601	1.095433	426.269531	-120.507812
5531.882600	1.102144	426.269531	-120.507812
5531.884600	1.099497	12.094466	0.099774
5532.906624	1.670053	119.628906	297.851562
5532.908625	0.836692	119.628906	297.851562
5532.910626	1.091156	119.628906	297.851562
5532.912625	1.102998	119.628906	297.851562
5532.914626	1.100258	12.102833	0.077097
5533.964704	0.438008	414.062500	-115.429687
5533.966708	0.797808	414.062500	-115.429687
5533.968708	1.078588	414.062500	-115.429687
5533.970707	1.103147	414.062500	-115.429687
5533.972707	1.100237	12.102602	0.097273
5534.992802	0.438695	118.066406	298.925781
5534.994804	0.798251	118.066406	298.925781
5534.996804	1.078275	118.066406	298.925781
5534.998804	1.102341	118.066406	298.925781
5535.000804	1.099480	12.094280	0.078115
5536.052866	0.572298	429.492187	-114.843750
5536.054869	0.926954	429.492187	-114.843750
5536.056868	1.103895	429.492187	-114.843750
5536.058869	1.101477	12.116242	0.096605
5537.079389	0.655411	121.289062	292.089844
5537.081390	0.997741	121.289062	292.089844
5537.085389	1.101785	121.289062	292.089844
5537.087392	1.099801	12.097808	0.077942
5538.139926	0.410808	443.066406	-113.671875
5538.141928	0.771617	443.066406	-113.671875
5538.143927	1.067741	443.066406	-113.671875
5538.145928	1.103346	443.066406	-113.671875
5538.147927	1.100256	12.102816	0.100737
5539.165991	0.598297	117.773437	296.191406
5539.167993	0.950852	117.773437	296.191406
5539.169994	1.105562	117.773437	296.191406
5539.171992	1.102433	12.126761	0.076164
5540.230114	0.631292	439.550781	-111.035156
5540.232117	0.978855	439.550781	-111.035156
5540.234116	1.105637	439.550781	-111.035156
5540.236116	1.102219	12.124413	0.095230
5541.252152	0.740295	119.433594	291.894531
5541.254153	0.752713	119.433594	291.894531
5541.256153	1.103274	119.433594	291.894531
5541.258154	1.100120	12.101316	0.538663
5542.317149	0.747609	458.593750	-111.523437
5542.319150	1.056346	458.593750	-111.523437
5542.321152	1.103712	458.593750	-111.523437
5542.323151	1.100582	12.106404	0.099951
5543.338109	0.661586	118.945312	291.796875
5543.340110	1.002402	118.945312	291.796875
5543.342111	1.105764	118.945312	291.796875
5543.346111	1.100246	12.102710	0.076492
5544.406692	0.758770	440.625000	-108.496094
5544.410693	1.102882	440.625000	-108.496094
5544.414693	1.098220	440.625000	-108.496094
5544.416696	1.097085	12.067934	0.098822
5545.424771	0.799577	114.160156	298.632812
5545.426774	1.079213	114.160156	298.632812
5545.428775	1.103131	114.160156	298.632812
5545.430776	1.100268	12.102948	0.076033
5546.496878	1.036726	443.652344	-108.105469
5546.498879	1.104221	443.652344	-108.105469
5546.500881	1.100965	12.110614	0.097015
5547.508926	0.394700	114.355469	298.730469
5547.510927	0.756238	114.355469	298.730469
5547.512928	1.060761	114.355469	298.730469
5547.514927	1.103695	114.355469	298.730469
5547.516927	1.100708	12.107787	0.077331
5548.580944	0.372780	445.703125	-108.203125
5548.582946	0.735378	445.703125	-108.203125
5548.584946	1.049654	445.703125	-108.203125
5548.586944	1.103497	445.703125	-108.203125
5548.588944	1.100377	12.104144	0.099293
5549.594977	0.328745	114.257812	299.804687
5549.596979	0.693657	114.257812	299.804687
5549.598979	1.024652	114.257812	299.804687
5549.600982	1.104452	114.257812	299.804687
5549.602980	1.100977	12.110746	0.075955
5550.669029	0.493726	467.382812	-110.351562
5550.671030	0.851249	467.382812	-110.351562
5550.673030	0.858922	467.382812	-110.351562
5550.675032	1.102255	467.382812	-110.351562
5550.677032	1.099529	12.094822	0.099079
5551.685942	0.694388	111.621094	302.734375
5551.687943	1.024918	111.621094	302.734375
5551.691942	1.100399	111.621094	302.734375
5551.693945	1.098522	12.083744	0.072509
5552.758006	0.864356	450.976562	-107.910156
5552.760007	1.097152	450.976562	-107.910156
5552.762008	1.102093	450.976562	-107.910156
5552.764009	1.099583	12.095415	0.096390
5553.770027	0.645280	112.500000	301.464844
5553.776026	1.102103	112.500000	301.464844
5553.778029	1.099911	112.500000	301.464844
5553.780030	1.098608	12.084682	0.129773
5554.846088	0.800998	449.804687	-107.519531
5554.848090	1.079906	449.804687	-107.519531
5554.850088	1.103425	449.804687	-107.519531
5554.852089	1.100500	12.105500	0.095082
5555.862127	1.104658	115.039062	299.316406
5555.864128	1.101847	115.039062	299.316406
5555.866129	1.099586	12.095450	0.072811
5556.930178	0.383490	456.738281	-107.812500
5556.934180	1.054908	456.738281	-107.812500
5556.936180	1.103072	456.738281	-107.812500
5556.938180	1.099918	12.099092	0.097690
5557.946241	0.973473	112.695312	305.566406
5557.948241	1.104757	112.695312	305.566406
5557.950241	1.101295	12.114247	0.075106
5559.018287	0.599056	455.468750	-105.664062
5559.020289	0.951542	455.468750	-105.664062
5559.022289	1.105740	455.468750	-105.664062
5559.024289	1.102716	12.129871	0.094898
5560.032305	0.555699	114.648437	304.394531
5560.034308	0.911079	114.648437	304.394531
5560.036308	1.103604	114.648437	304.394531
5560.038306	1.102243	12.124670	0.073885
5561.106379	0.901377	453.320312	-104.394531
5561.108379	1.102538	453.320312	-104.394531
5561.110380	1.101990	12.121887	0.095033
5562.120478	0.597882	116.699219	304.785156
5562.122482	0.950408	116.699219	304.785156
5562.124480	1.104776	116.699219	304.785156
5562.126479	1.101499	12.116489	0.073570
5563.190543	0.594740	470.019531	-105.957031
5563.192546	0.947705	470.019531	-105.957031
5563.194548	1.106163	470.019531	-105.957031
5563.196547	1.103118	12.134295	0.094279
5564.207496	0.334420	117.382812	305.078125
5564.209494	0.699032	117.382812	305.078125
5564.211497	0.710087	117.382812	305.078125
5564.213495	1.104056	117.382812	305.078125
5564.215496	1.100598	12.106582	0.075054
5565.277551	0.612405	451.464844	-104.199219
5565.279553	0.963137	451.464844	-104.199219
5565.281552	1.105795	451.464844	-104.199219
5565.283553	1.102467	12.127133	0.093519
5566.297613	0.642943	118.066406	303.417969
5566.299614	0.988170	118.066406	303.417969
5566.301615	1.106033	118.066406	303.417969
5566.303615	1.102602	12.128622	0.074695
5567.362135	0.471392	451.660156	-104.882812
5567.364138	0.829810	451.660156	-104.882812
5567.366137	1.088708	451.660156	-104.882812
5567.368139	1.102434	451.660156	-104.882812
5567.370138	1.099640	12.096035	0.096348
5568.384187	0.394665	118.164062	302.148437
5568.386187	0.756185	118.164062	302.148437
5568.388187	1.060229	118.164062	302.148437
5568.390187	1.102997	118.164062	302.148437
5568.392187	1.099897	12.098862	0.076505
5569.448196	0.502394	445.312500	-106.054687
5569.450198	0.859583	445.312500	-106.054687
5569.452197	1.096303	445.312500	-106.054687
5569.456197	1.099600	445.312500	-106.054687
5569.458198	1.098206	12.080269	0.097796
5570.474240	0.686468	117.089844	306.445312
5570.476241	1.019679	117.089844	306.445312
5570.478240	1.104199	117.089844	306.445312
5570.480240	1.100701	12.107716	0.075133
5571.536817	0.894910	458.007812	-108.984375
5571.538822	1.101889	458.007812	-108.984375
5571.540821	1.101611	458.007812	-108.984375
5571.542823	1.099128	12.090408	0.094194
5572.560842	0.446031	118.359375	305.078125
5572.562844	0.805298	118.359375	305.078125
5572.564845	1.081031	118.359375	305.078125
5572.566844	1.102717	118.359375	305.078125
5572.570843	1.098343	12.081776	0.072820
5573.623783	1.050305	448.144531	-110.253906
5573.625784	1.103668	448.144531	-110.253906
5573.627784	1.100563	12.106193	0.096845
5574.650319	0.722161	116.210937	310.546875
5574.652321	1.042136	116.210937	310.546875
5574.654321	1.103697	116.210937	310.546875
5574.656320	1.100401	12.104410	0.452802
5575.708825	0.667668	444.042969	-112.109375
5575.710826	1.006507	444.042969	-112.109375
5575.712825	1.104407	444.042969	-112.109375
5575.714826	1.100834	12.109169	0.097281
5576.737420	0.757088	117.968750	310.449219
5576.739421	1.060865	117.968750	310.449219
5576.741423	1.103257	117.968750	310.449219
5576.743422	1.100236	12.102594	0.612719
5577.793463	0.346474	438.085937	-112.500000
5577.795465	0.710332	438.085937	-112.500000
5577.797464	1.034818	438.085937	-112.500000
5577.799464	1.103084	438.085937	-112.500000
5577.801466	1.099711	12.096825	0.095816
5578.824003	0.789469	116.015625	317.285156
5578.826004	1.074803	116.015625	317.285156
5578.828005	1.102310	116.015625	317.285156
5578.830005	1.099412	12.093536	0.074221
5579.882065	0.375215	417.968750	-112.011719
5579.884068	0.737649	417.968750	-112.011719
5579.886066	1.050741	417.968750	-112.011719
5579.888067	1.103160	417.968750	-112.011719
5579.890066	1.099994	12.099935	0.094007
5580.910146	0.557181	118.847656	315.625000
5580.912148	0.912447	118.847656	315.625000
5580.914148	1.103334	118.847656	315.625000
5580.916147	1.101874	12.120611	0.075070
5581.971101	0.849791	412.988281	-112.597656
5581.975102	1.102056	412.988281	-112.597656
5581.977103	1.099379	412.988281	-112.597656
5581.979102	1.097934	12.077274	0.094370
5582.997133	0.571075	117.382812	318.847656
5582.999138	0.925710	117.382812	318.847656
5583.001137	1.104693	117.382812	318.847656
5583.003142	1.102422	12.126646	0.075258
5584.057672	0.700367	434.960937	-115.917969
5584.059673	1.028914	434.960937	-115.917969
5584.061673	1.104047	434.960937	-115.917969
5584.063673	1.100729	12.108018	0.379280
5585.081678	0.325283	114.355469	325.390625
5585.083679	0.690287	114.355469	325.390625
5585.085679	1.022106	114.355469	325.390625
5585.087679	1.103747	114.355469	325.390625
5585.089680	1.100210	12.102309	0.075218
5586.143714	0.355496	428.417969	-115.039062
5586.145716	0.718843	428.417969	-115.039062
5586.147715	1.040033	428.417969	-115.039062
5586.149715	1.103371	428.417969	-115.039062
5586.151716	1.100073	12.100804	0.096939
5587.169757	0.539290	116.308594	323.925781
5587.171778	0.895219	116.308594	323.925781
5587.173782	1.102059	116.308594	323.925781
5587.175781	1.101725	12.118980	0.077725
5588.232290	0.473598	416.992187	-114.160156
5588.234291	0.831822	416.992187	-114.160156
5588.236293	1.089064	416.992187	-114.160156
5588.240290	1.099164	416.992187	-114.160156
5588.242292	1.097765	12.075414	0.095537
5589.250335	0.508690	116.796875	324.316406
5589.254336	1.097548	116.796875	324.316406
5589.256337	1.102129	116.796875	324.316406
5589.258338	1.099606	12.095664	0.083534
5590.318334	0.309969	417.675781	-114.257812
5590.320336	0.675764	417.675781	-114.257812
5590.322336	1.012863	417.675781	-114.257812
5590.324336	1.106211	417.675781	-114.257812
5590.328334	1.100921	12.110126	0.097294
5591.346364	0.943326	110.937500	334.375000
5591.348366	1.104313	110.937500	334.375000
5591.350365	1.101294	12.114239	0.072241
5592.408372	0.511938	428.027344	-115.332031
5592.410373	0.868766	428.027344	-115.332031
5592.412375	1.097616	428.027344	-115.332031
5592.414378	1.101677	428.027344	-115.332031
5592.418376	1.097738	12.075121	0.091174
5593.431380	0.790416	116.406250	327.734375
5593.433382	1.075060	116.406250	327.734375
5593.435380	1.102164	116.406250	327.734375
5593.437381	1.099323	12.092552	0.075148
5594.493949	0.452643	415.332031	-112.597656
5594.495952	0.811629	415.332031	-112.597656
5594.497953	1.083098	415.332031	-112.597656
5594.499953	1.102530	415.332031	-112.597656
5594.501955	1.099566	12.095221	0.094670
5595.515986	0.373507	115.917969	329.980469
5595.517987	0.735966	115.917969	329.980469
5595.519985	1.049680	115.917969	329.980469
5595.521986	1.102875	115.917969	329.980469
5595.523987	1.099719	12.096913	0.074947
5596.584071	0.932514	429.687500	-113.574219
5596.586072	1.104164	429.687500	-113.574219
5596.588071	1.101404	12.115443	0.093197
5597.604609	0.499484	113.671875	334.765625
5597.606612	0.856758	113.671875	334.765625
5597.608613	1.096191	113.671875	334.765625
5597.612609	1.100369	113.671875	334.765625
5597.614612	1.100307	12.103382	0.075883
5598.670658	0.961870	427.148437	-112.207031
5598.672659	1.104690	427.148437	-112.207031
5598.674659	1.101274	12.114009	0.091940
5599.693237	0.624932	116.992187	330.175781
5599.695239	0.973498	116.992187	330.175781
5599.697238	1.105285	116.992187	330.175781
5599.699237	1.101875	12.120628	0.072538
5600.755840	0.662434	439.843750	-112.500000
5600.757842	1.002671	439.843750	-112.500000
5600.759844	1.103981	439.843750	-112.500000
5600.761845	1.100357	12.103922	0.093712
5601.786775	1.101684	113.378906	337.011719
5601.790775	1.097994	113.378906	337.011719
5601.792777	1.097115	12.068270	0.073061
5602.842889	0.778533	441.503906	-111.914062
5602.844891	1.070337	441.503906	-111.914062
5602.846889	1.102538	441.503906	-111.914062
5602.848889	1.099537	12.094910	0.092155
5603.871921	1.097144	113.378906	335.449219
5603.873922	1.103022	113.378906	335.449219
5603.875921	1.100428	12.104703	0.071965
5604.927979	0.451248	431.640625	-109.863281
5604.929981	0.810204	431.640625	-109.863281
5604.931980	1.082206	431.640625	-109.863281
5604.933982	1.101907	431.640625	-109.863281
5604.937979	1.097658	12.074234	0.093615
5605.956014	0.533269	116.503906	327.929687
5605.958015	0.889381	116.503906	327.929687
5605.960020	1.102272	116.503906	327.929687
5605.962021	1.103118	116.503906	327.929687
5605.966018	1.099134	12.090479	0.073030
5607.014595	0.490210	441.503906	-109.082031
5607.016597	0.847802	441.503906	-109.082031
5607.018595	1.093031	441.503906	-109.082031
5607.020597	1.101584	441.503906	-109.082031
5607.022597	1.098934	12.088272	0.094191
5608.042657	0.483604	116.796875	326.562500
5608.044660	0.841489	116.796875	326.562500
5608.046664	1.091388	116.796875	326.562500
5608.048665	1.101559	116.796875	326.562500
5608.050666	1.098905	12.087954	0.073742
5609.103192	0.882616	450.292969	-108.691406
5609.109192	1.099001	450.292969	-108.691406
5609.111195	1.098942	450.292969	-108.691406
5609.113199	1.096754	12.064291	0.092886
5610.133788	0.956936	118.164062	322.558594
5610.135790	1.104208	118.164062	322.558594
5610.141787	1.097362	12.070981	0.070559
5611.187844	0.384506	446.191406	-106.152344
5611.189845	0.746395	446.191406	-106.152344
5611.191844	1.055322	446.191406	-106.152344
5611.193847	1.102994	446.191406	-106.152344
5611.195851	1.099831	12.098136	0.093253
5612.217913	0.558383	112.695312	329.394531
5612.219915	0.913491	112.695312	329.394531
5612.221916	1.104367	112.695312	329.394531
5612.223916	1.102827	12.131095	0.072173
5613.273966	0.522731	447.363281	-104.296875
5613.275968	0.879207	447.363281	-104.296875
5613.277968	1.099876	447.363281	-104.296875
5613.279969	1.102138	447.363281	-104.296875
5613.281968	1.099569	12.095256	0.094934
5614.303991	0.407589	112.988281	327.539062
5614.305993	0.768455	112.988281	327.539062
5614.307991	1.066079	112.988281	327.539062
5614.309994	1.102878	112.988281	327.539062
5614.311992	1.099858	12.098437	0.073471
5615.364021	0.534386	458.203125	-103.320312
5615.366035	0.890470	458.203125	-103.320312
5615.368037	1.103484	458.203125	-103.320312
5615.370036	1.104142	458.203125	-103.320312
5615.372035	1.101756	12.119317	0.091512
5616.392077	0.709692	115.332031	322.949219
5616.394079	1.034339	115.332031	322.949219
5616.396080	1.102967	115.332031	322.949219
5616.398078	1.099590	12.095486	0.073436
5617.452659	0.750064	467.968750	-102.148437
5617.454662	1.056991	467.968750	-102.148437
5617.456660	1.102558	467.968750	-102.148437
5617.458662	1.099465	12.094112	0.595019
5618.481223	1.091361	118.164062	318.847656
5618.483224	1.101360	118.164062	318.847656
5618.485222	1.098813	12.086943	0.072797
5619.539271	0.515056	481.835937	-101.660156
5619.541272	0.871764	481.835937	-101.660156
5619.543272	1.098596	481.835937	-101.660156
5619.545272	1.102312	481.835937	-101.660156
5619.547272	1.099622	12.095840	0.090651
5620.563299	0.518298	117.968750	317.871094
5620.565300	0.874858	117.968750	317.871094
5620.567302	1.098822	117.968750	317.871094
5620.569301	1.101764	117.968750	317.871094
5620.571303	1.099249	12.091738	0.075235
5621.625319	0.544798	464.453125	-98.632812
5621.627327	0.900442	464.453125	-98.632812
5621.629327	1.103621	464.453125	-98.632812
5621.631330	1.103317	464.453125	-98.632812
5621.633332	1.100897	12.109869	0.090899
5622.649412	0.469210	117.382812	317.968750
5622.651419	0.827492	117.382812	317.968750
5622.653424	1.088074	117.382812	317.968750
5622.655425	1.101971	117.382812	317.968750
5622.657425	1.099208	12.091286	0.071121
5623.713477	0.397932	470.800781	-99.023437
5623.715481	0.759200	470.800781	-99.023437
5623.717478	1.061419	470.800781	-99.023437
5623.719480	1.102407	470.800781	-99.023437
5623.721479	1.099422	12.093643	0.090924
5624.737507	0.403655	114.648437	322.265625
5624.739510	0.764599	114.648437	322.265625
5624.741509	1.064132	114.648437	322.265625
5624.743509	1.102621	114.648437	322.265625
5624.745508	1.099639	12.096027	0.068779
5625.800016	0.327748	492.285156	-100.097656
5625.802019	0.692507	492.285156	-100.097656
5625.804018	1.023470	492.285156	-100.097656
5625.806016	1.103305	492.285156	-100.097656
5625.808020	1.103155	12.134710	0.095583
5626.822013	0.336395	115.722656	321.875000
5626.824018	0.700699	115.722656	321.875000
5626.826023	1.029917	115.722656	321.875000
5626.828023	1.103084	115.722656	321.875000
5626.830021	1.099690	12.096594	0.071126
5627.888594	0.539975	471.777344	-97.265625
5627.890605	0.895874	471.777344	-97.265625
5627.892608	1.101559	471.777344	-97.265625
5627.896607	1.098820	471.777344	-97.265625
5627.898608	1.097435	12.071789	0.093388
5628.910697	0.750598	112.304687	327.929687
5628.912699	1.057532	112.304687	327.929687
5628.914701	1.103063	112.304687	327.929687
5628.916705	1.100082	12.100901	0.073366
5629.974772	0.496988	492.675781	-98.828125
5629.976772	0.854363	492.675781	-98.828125
5629.978775	1.094585	492.675781	-98.828125
5629.980773	1.101558	492.675781	-98.828125
5629.982773	1.098921	12.088130	0.091641
5630.997719	0.946576	113.964844	324.511719
5630.999721	1.104847	113.964844	324.511719
5631.001721	1.101728	12.119006	0.066130
5632.064298	0.691976	475.781250	-96.386719
5632.066300	1.023189	475.781250	-96.386719
5632.068299	1.103283	475.781250	-96.386719
5632.070298	1.099849	12.098340	0.091852
5633.086382	0.891301	113.964844	326.562500
5633.088385	1.101684	113.964844	326.562500
5633.090385	1.101582	113.964844	326.562500
5633.092384	1.099051	12.089566	0.070142
5634.150417	0.731820	489.062500	-97.753906
5634.152419	1.047587	489.062500	-97.753906
5634.154420	1.103487	489.062500	-97.753906
5634.156419	1.100317	12.103488	0.517949
5635.177011	1.103060	115.136719	324.707031
5635.179013	1.102973	115.136719	324.707031
5635.181014	1.098360	12.081962	0.069602
5636.239600	1.022380	487.207031	-98.046875
5636.241602	1.103578	487.207031	-98.046875
5636.243604	1.100075	12.100830	0.085728
5637.258175	0.532063	111.328125	330.957031
5637.262181	0.893993	111.328125	330.957031
5637.264184	1.102650	111.328125	330.957031
5637.266185	1.100194	12.102133	0.071534
5638.322229	0.555570	490.625000	-98.437500
5638.324231	0.910861	490.625000	-98.437500
5638.326231	1.104097	490.625000	-98.437500
5638.328236	1.102771	12.130483	0.089021
5639.347169	0.724344	110.253906	333.593750
5639.349169	1.043234	110.253906	333.593750
5639.351172	1.103201	110.253906	333.593750
5639.353170	1.099989	12.099882	0.467253
5640.409190	0.563982	474.218750	-97.167969
5640.411193	0.918903	474.218750	-97.167969
5640.413193	1.103567	474.218750	-97.167969
5640.415194	1.101442	12.115860	0.090982
5641.435261	0.752481	115.722656	325.097656
5641.437263	1.058280	115.722656	325.097656
5641.439261	1.102672	115.722656	325.097656
5641.441262	1.099661	12.096275	0.070414
5642.494219	0.408853	488.867187	-99.414062
5642.496221	0.769635	488.867187	-99.414062
5642.498221	1.066503	488.867187	-99.414062
5642.500221	1.102666	488.867187	-99.414062
5642.502221	1.099621	12.095832	0.093289
5643.523179	0.658229	113.769531	329.394531
5643.525181	0.999678	113.769531	329.394531
5643.527182	1.105019	113.769531	329.394531
5643.529182	1.101499	12.116489	0.071048
5644.581760	0.615075	477.246094	-98.828125
5644.583763	0.965347	477.246094	-98.828125
5644.585762	1.106123	477.246094	-98.828125
5644.587764	1.106086	12.166943	0.089889
5645.609797	0.512152	114.257812	330.371094
5645.611799	0.868868	114.257812	330.371094
5645.613799	1.097148	114.257812	330.371094
5645.615799	1.101000	114.257812	330.371094
5645.617799	1.098579	12.084373	0.070412
5646.672404	1.103128	467.382812	-99.218750
5646.674405	1.100847	12.109320	0.089754
5647.698470	0.645718	111.523437	336.914062
5647.700471	0.990022	111.523437	336.914062
5647.702473	1.105065	111.523437	336.914062
5647.704478	1.101570	12.117270	0.126705
5648.754555	0.614621	460.546875	-100.195312
5648.756556	0.964674	460.546875	-100.195312
5648.758556	1.104544	460.546875	-100.195312
5648.760555	1.101117	12.112288	0.089128
5649.784622	0.691605	111.230469	339.062500
5649.786623	1.022826	111.230469	339.062500
5649.788622	1.103257	111.230469	339.062500
5649.790622	1.099856	12.098420	0.071930
5650.840614	0.461864	458.105469	-101.367187
5650.842615	0.820437	458.105469	-101.367187
5650.844614	0.830014	458.105469	-101.367187
5650.846618	1.102156	458.105469	-101.367187
5650.848620	1.099424	12.093669	0.090710
5651.872663	0.803125	115.722656	332.617187
5651.874664	1.079618	115.722656	332.617187
5651.876663	1.101728	115.722656	332.617187
5651.878665	1.098904	12.087944	0.070282
5652.927614	0.475418	445.703125	-101.757812
5652.929616	0.833381	445.703125	-101.757812
5652.931615	1.089421	445.703125	-101.757812
5652.933616	1.101808	445.703125	-101.757812
5652.937614	1.097584	12.073428	0.091333
5653.959678	0.731821	115.234375	336.230469
5653.961679	1.047528	115.234375	336.230469
5653.963680	1.103320	115.234375	336.230469
5653.965680	1.100136	12.101495	0.071127
5655.014240	1.206646	462.011719	-104.589844
5655.016242	0.782952	462.011719	-104.589844
5655.018242	1.072118	462.011719	-104.589844
5655.020242	1.102364	462.011719	-104.589844
5655.022242	1.099417	12.093590	0.094447
5656.048807	0.850570	114.160156	340.429687
5656.050809	1.093963	114.160156	340.429687
5656.052811	1.101921	114.160156	340.429687
5656.054810	1.099267	12.091932	0.068338
5657.101360	0.463965	450.683594	-104.394531
5657.103363	0.822440	450.683594	-104.394531
5657.105362	1.086030	450.683594	-104.394531
5657.107363	1.101594	450.683594	-104.394531
5657.109363	1.098841	12.087254	0.092317
5658.133377	0.617252	111.425781	346.972656
5658.135379	0.967046	111.425781	346.972656
5658.137379	1.105651	111.425781	346.972656
5658.139379	1.102330	12.125628	0.069964
5659.189468	0.586902	446.875000	-105.273437
5659.191470	0.940525	446.875000	-105.273437
5659.193470	1.105390	446.875000	-105.273437
5659.195472	1.102633	12.128968	0.089892
5660.217524	0.297504	114.355469	342.773437
5660.219526	0.663733	114.355469	342.773437
5660.221525	1.003716	114.355469	342.773437
5660.223526	1.104652	114.355469	342.773437
5660.225527	1.101098	12.112076	0.071231
5661.276044	0.338688	444.238281	-105.175781
5661.278047	0.702812	444.238281	-105.175781
5661.280045	1.030257	444.238281	-105.175781
5661.282048	1.103454	444.238281	-105.175781
5661.284046	1.100080	12.100883	0.091932
5662.304104	0.427661	112.402344	348.437500
5662.306106	0.787458	112.402344	348.437500
5662.308106	1.073841	112.402344	348.437500
5662.310106	1.102148	112.402344	348.437500
5662.312106	1.099207	12.091276	0.072911
5663.364165	0.559986	446.582031	-105.761719
5663.366166	0.914953	446.582031	-105.761719
5663.368165	1.102753	446.582031	-105.761719
5663.370166	1.100954	12.110489	0.089275
5664.394267	1.053834	110.546875	353.222656
5664.396269	1.102246	110.546875	353.222656
5664.398269	1.099150	12.090647	0.070586
5665.452319	0.783345	453.417969	-105.957031
5665.454323	1.072096	453.417969	-105.957031
5665.456322	1.102009	453.417969	-105.957031
5665.458321	1.099072	12.089797	0.091964
5666.478897	0.694778	114.941406	345.996094
5666.480900	1.025059	114.941406	345.996094
5666.482901	1.103971	114.941406	345.996094
5666.484901	1.100543	12.105978	0.338306
5667.536919	0.362872	449.707031	-105.371094
5667.538921	0.725836	449.707031	-105.371094
5667.540920	1.044011	449.707031	-105.371094
5667.542920	1.103218	449.707031	-105.371094
5667.544920	1.099909	12.098996	0.091571
5668.564987	0.545325	112.402344	352.441406
5668.566990	0.900930	112.402344	352.441406
5668.568989	1.101713	112.402344	352.441406
5668.570989	1.100870	12.109569	0.071557
5669.625074	0.307294	450.976562	-105.371094
5669.627078	0.672979	450.976562	-105.371094
5669.629078	1.010320	450.976562	-105.371094
5669.631078	1.104768	450.976562	-105.371094
5669.633079	1.101247	12.113716	0.091223
5670.651109	0.400235	113.476562	351.660156
5670.653112	0.761281	113.476562	351.660156
5670.655110	1.062640	113.476562	351.660156
5670.657111	1.102679	113.476562	351.660156
5670.659112	1.099681	12.096487	0.072147
5671.713162	0.618168	455.468750	-105.078125
5671.715166	0.968063	455.468750	-105.078125
5671.717164	1.108586	455.468750	-105.078125
5671.719165	1.105075	12.155828	0.089139
5672.739734	0.711614	110.644531	356.152344
5672.741735	1.035708	110.644531	356.152344
5672.743735	1.103454	110.644531	356.152344
5672.745736	1.100179	12.101965	0.071899
5673.799769	0.656725	457.128906	-104.687500
5673.801771	0.998583	457.128906	-104.687500
5673.803773	1.105439	457.128906	-104.687500
5673.805771	1.102007	12.122082	0.091695
5674.826327	0.471908	110.351562	358.007812
5674.828330	0.830009	110.351562	358.007812
5674.830331	1.089953	110.351562	358.007812
5674.832330	1.103962	110.351562	358.007812
5674.834329	1.101300	12.114302	0.071890
5675.886376	0.599315	447.167969	-103.515625
5675.888378	0.951582	447.167969	-103.515625
5675.890378	1.104867	447.167969	-103.515625
5675.892377	1.101640	12.118041	0.090323
5676.914395	0.586908	110.351562	356.738281
5676.916396	0.940290	110.351562	356.738281
5676.918395	1.105038	110.351562	356.738281
5676.920396	1.102256	12.124821	0.069511
5677.972462	0.635250	451.074219	-103.906250
5677.974464	0.981632	451.074219	-103.906250
5677.978462	1.100671	451.074219	-103.906250
5677.982462	1.097523	12.072754	0.105367
5679.002504	0.706356	111.914062	352.539062
5679.004505	1.032320	111.914062	352.539062
5679.006505	1.103040	111.914062	352.539062
5679.008505	1.099693	12.096621	0.389727
5680.058547	0.389348	456.835937	-103.417969
5680.060550	0.750918	456.835937	-103.417969
5680.062550	1.057442	456.835937	-103.417969
5680.064550	1.102583	456.835937	-103.417969
5680.066550	1.099504	12.094546	0.090756
5681.090571	0.911353	110.156250	355.371094
5681.094573	1.101655	110.156250	355.371094
5681.096574	1.099349	12.092844	0.069306
5682.148645	1.027125	448.632812	-101.660156
5682.150647	1.103337	448.632812	-101.660156
5682.152648	1.099946	12.099411	0.369843
5683.178728	0.860856	113.378906	347.167969
5683.180729	1.095976	113.378906	347.167969
5683.182727	1.101580	113.378906	347.167969
5683.184727	1.098939	12.088333	0.067832
5684.233332	0.660798	469.531250	-101.855469
5684.235335	1.001424	469.531250	-101.855469
5684.237335	1.104780	469.531250	-101.855469
5684.239335	1.101235	12.113583	0.090717
5685.263912	0.645203	112.695312	348.046875
5685.265915	0.989659	112.695312	348.046875
5685.267915	1.105025	112.695312	348.046875
5685.269914	1.101479	12.116268	0.129872
5686.317951	0.334968	468.652344	-100.488281
5686.321951	1.027940	468.652344	-100.488281
5686.323955	1.103669	468.652344	-100.488281
5686.325951	1.100201	12.102213	0.089630
5687.349990	0.496055	115.039062	342.187500
5687.351992	0.853274	115.039062	342.187500
5687.353992	1.094199	115.039062	342.187500
5687.355992	1.101315	115.039062	342.187500
5687.357994	1.098695	12.085649	0.072816
5688.406044	0.551135	481.250000	-100.000000
5688.408046	0.906445	481.250000	-100.000000
5688.410046	1.102437	481.250000	-100.000000
5688.412045	1.101335	12.114681	0.088929
5689.438644	0.533433	111.035156	348.730469
5689.440646	0.889400	111.035156	348.730469
5689.442658	1.103078	111.035156	348.730469
5689.444659	1.103941	12.143352	0.067865
5690.492689	0.411229	472.363281	-96.972656
5690.494692	0.771763	472.363281	-96.972656
5690.496693	1.068676	472.363281	-96.972656
5690.498691	1.104638	472.363281	-96.972656
5690.500692	1.101850	12.120345	0.090620
5691.522733	0.296684	110.351562	349.023437
5691.524735	0.662958	110.351562	349.023437
5691.526737	1.003458	110.351562	349.023437
5691.528737	1.104658	110.351562	349.023437
5691.530737	1.101183	12.113016	0.073368
5692.580752	0.618392	496.582031	-98.144531
5692.582753	0.967991	496.582031	-98.144531
5692.584754	1.105207	496.582031	-98.144531
5692.586754	1.101797	12.119768	0.090434
5693.612822	0.781692	111.230469	346.679687
5693.614825	1.071300	111.230469	346.679687
5693.616824	1.101870	111.230469	346.679687
5693.618824	1.098945	12.088396	0.067510
5694.670890	0.830773	482.324219	-95.507812
5694.672892	1.088689	482.324219	-95.507812
5694.674892	1.101895	482.324219	-95.507812
5694.676894	1.099146	12.090604	0.087242
5695.696934	0.737738	113.476562	341.113281
5695.698936	1.050494	113.476562	341.113281
5695.700938	1.102610	113.476562	341.113281
5695.702935	1.099446	12.093908	0.530417
5696.753948	0.316241	492.871094	-95.214844
5696.755950	0.681404	492.871094	-95.214844
5696.757950	1.016182	492.871094	-95.214844
5696.759951	1.103867	492.871094	-95.214844
5696.761950	1.100259	12.102851	0.090220
5697.788019	1.104088	113.378906	340.820312
5697.790022	1.101117	12.112288	0.066793
5698.842546	0.343244	506.835937	-95.312500
5698.844549	0.707069	506.835937	-95.312500
5698.846549	1.032743	506.835937	-95.312500
5698.848548	1.103160	506.835937	-95.312500
5698.852546	1.097990	12.077885	0.092489
5699.868633	0.446994	112.402344	342.187500
5699.870635	0.460617	112.402344	342.187500
5699.872633	1.081009	112.402344	342.187500
5699.874635	1.102318	112.402344	342.187500
5699.876635	1.099518	12.094697	0.070698
