num crossings	time (s)	maj axis (mm)	min axis (mm)	theta (rad )	slope (V/s)
407343	426532.409869	101.433286	-0.323323	-0.495901	19.421377
407345	426534.501789	101.023793	-0.368590	-0.496452	18.778101
407349	426538.686621	98.377798	2.760050	-0.481297	18.069377
407351	426540.778182	101.681590	-2.039140	-0.496583	18.101080
407353	426542.870496	100.353119	-0.440483	-0.496240	18.109390
407355	426544.961801	100.850703	-1.789283	-0.497296	18.401675
407357	426547.054769	99.213750	-1.817952	-0.500196	17.017072
407359	426549.147011	99.465573	-0.606866	-0.497353	18.372935
407361	426551.238534	99.494087	-0.249078	-0.497979	17.907778
407363	426553.330605	99.342470	-0.226469	-0.498846	17.656836
407365	426555.422637	99.229975	-0.097535	-0.497693	17.618471
407367	426557.515703	98.500458	0.066583	-0.497789	17.342115
407369	426559.606950	97.703770	2.775099	-0.485508	17.472699
407371	426561.699602	98.643933	-1.079624	-0.499220	17.057549
407373	426563.791303	94.604314	-3.695113	-0.513022	17.291870
407375	426565.883241	98.154310	-1.129371	-0.500386	17.761043
407377	426567.975538	97.875485	-0.995202	-0.499221	17.049935
407379	426570.067003	99.900566	-1.980919	-0.485541	17.440299
407381	426572.159987	93.774578	3.019035	-0.512939	17.636465
407383	426574.252363	96.317450	2.988228	-0.492428	17.112070
407385	426576.344048	97.191959	-1.395442	-0.501750	16.970429
407387	426578.436166	92.804369	-2.935307	-0.508605	16.403493
407389	426580.527358	96.816670	-1.477196	-0.502274	17.199307
407391	426582.619614	96.188521	-1.324318	-0.499202	16.727383
407393	426584.712300	95.900032	-1.210755	-0.499780	17.054104
407395	426586.804098	94.539899	3.288823	-0.494091	16.796295
407397	426588.896341	96.906087	-2.761883	-0.504512	16.522387
407399	426590.988635	95.771499	-1.535016	-0.503797	16.247537
407401	426593.080672	96.181305	-3.029737	-0.509661	16.469497
407403	426595.173064	94.759308	-3.422023	-0.511327	15.821090
407405	426597.265311	88.704403	0.307193	-0.515938	16.214377
407407	426599.357605	94.725979	3.622763	-0.495317	15.808922
407409	426601.449749	94.716886	3.365507	-0.495995	15.908181
407411	426603.541278	94.648247	-1.486839	-0.509140	16.469275
407413	426605.633021	95.979696	-3.074493	-0.507439	16.507426
407415	426607.725080	89.618609	-3.166659	-0.512039	15.911514
407417	426609.817332	93.600524	3.284521	-0.501479	15.509219
407419	426611.909415	95.245971	-3.043849	-0.509556	15.915632
407421	426614.001228	93.692818	-2.029329	-0.512492	15.763787
407423	426616.092872	93.118420	3.474784	-0.503689	14.694845
407425	426618.185472	94.546410	-3.423022	-0.514371	15.794073
407427	426620.277370	92.923926	-3.468463	-0.516553	15.962055
407429	426622.369982	93.077542	-2.552627	-0.514726	16.268310
407431	426624.461131	92.242794	-1.474074	-0.513857	16.017307
407433	426626.553535	92.760668	-2.446173	-0.516545	15.550681
407435	426628.645354	92.589993	-2.431736	-0.517417	15.865133
407437	426630.737365	92.881959	-3.149535	-0.518498	15.275818
407439	426632.829138	92.132405	-2.558899	-0.518008	15.367839
407441	426634.921122	89.373168	-7.423561	-0.516145	15.093902
407443	426637.013288	93.343176	-3.312313	-0.513839	14.920943
407445	426639.105121	91.761503	-2.650505	-0.519899	15.462041
407447	426641.196455	91.498544	-2.584380	-0.516843	15.134388
407449	426643.288242	90.736941	3.790699	-0.513963	15.147480
407451	426645.380159	91.772737	-3.659888	-0.522856	15.143648
407453	426647.472301	86.875979	-4.024924	-0.532126	14.337134
407455	426649.564160	91.037073	3.556043	-0.517579	14.940702
407457	426651.656022	92.115915	-3.647994	-0.519710	15.298120
407459	426653.747943	90.683554	-2.823595	-0.520449	15.008423
407461	426655.839770	90.329405	3.824656	-0.519145	14.960057
407463	426657.932021	90.253788	-2.977790	-0.522759	14.879760
407465	426660.023765	89.979768	-2.998356	-0.523865	14.511395
407467	426662.116596	91.800120	-3.646886	-0.519880	14.307864
407469	426664.208461	87.442228	-7.037366	-0.531664	14.878494
407471	426666.300547	89.095210	4.043219	-0.520839	14.981933
407473	426668.392186	90.930358	-3.953549	-0.528904	15.598679
407475	426670.484317	88.062059	-3.797398	-0.537556	14.664777
407477	426672.576188	88.640721	3.972223	-0.524205	14.812200
407479	426674.668514	91.473581	-4.422599	-0.526541	14.324717
407481	426676.760164	89.240636	-3.490607	-0.531551	14.464288
407483	426678.851815	89.522257	3.895759	-0.528188	14.530579
407485	426680.943608	89.182497	-3.422295	-0.534818	14.792623
407487	426683.035877	89.019670	-3.374860	-0.534753	14.606769
407489	426685.128146	89.312845	4.147140	-0.529194	14.370815
407491	426687.220197	88.554353	-3.529712	-0.540144	14.025913
407493	426689.311601	87.590528	-3.013468	-0.550956	13.974721
407495	426691.403437	88.586851	4.344420	-0.532393	14.284180
407497	426693.495389	88.710067	4.287882	-0.531756	14.839951
407499	426695.587530	88.274019	-3.395746	-0.539633	14.263706
407501	426697.679836	87.434902	4.552243	-0.531971	14.368226
407503	426699.771739	88.204248	-3.807343	-0.542552	13.663885
407505	426701.863766	88.060715	-3.752511	-0.543248	14.204680
407507	426703.955410	87.796183	-3.801646	-0.543705	13.739958
407509	426706.047073	87.731393	-3.842884	-0.543501	14.251302
407511	426708.139115	86.017586	-8.757336	-0.540662	14.034822
407513	426710.230493	88.092423	4.494223	-0.540308	14.326473
407515	426712.322223	88.697986	-4.872682	-0.544032	13.624238
407517	426714.414450	87.274138	-3.938713	-0.547067	13.690555
407519	426716.506572	87.198321	-4.535941	-0.546371	14.193024
407521	426718.598598	87.103701	-4.044668	-0.547264	14.054512
407523	426720.690163	87.183928	-4.077310	-0.548688	14.464923
407525	426722.781907	85.986089	-9.332764	-0.554169	13.892839
407527	426724.873996	87.012610	-4.164187	-0.550326	13.757495
407529	426726.966555	86.710288	-4.091736	-0.549712	13.636179
407531	426729.058404	86.094922	-4.011672	-0.550524	13.768054
407533	426731.150389	86.614518	4.760955	-0.549250	13.759511
407535	426733.241614	86.416122	-4.124278	-0.552861	14.305621
407537	426735.333625	88.230650	-4.941413	-0.551690	13.811006
407539	426737.426136	85.537187	-4.115517	-0.568441	13.420168
407541	426739.518313	86.315881	-4.367429	-0.558352	13.161970
407543	426741.610011	86.114877	-4.402870	-0.559971	13.462679
407545	426743.701352	85.738385	-3.907210	-0.557650	14.197982
407547	426745.793283	86.195307	-4.471654	-0.559537	14.248463
407549	426747.885663	86.405001	-4.853805	-0.560190	13.332679
407551	426749.977531	85.859459	-4.515405	-0.561373	13.354161
407553	426752.069666	82.629719	-4.096325	-0.587494	13.072355
407555	426754.161254	85.896534	-4.591273	-0.563390	13.706291
407557	426756.253136	85.738848	-4.569422	-0.565665	14.075460
407559	426758.345015	85.817571	5.086223	-0.563456	14.082726
407561	426760.437075	87.589081	-5.407422	-0.561591	13.749829
407563	426762.529077	85.425696	-4.720083	-0.568375	13.636609
407565	426764.621110	85.399175	-4.701730	-0.567176	13.454392
407567	426766.712791	86.933265	-5.127113	-0.563688	13.324726
407569	426768.804801	85.379944	-4.829410	-0.569584	13.753507
407571	426770.896229	85.227781	-5.655645	-0.569872	13.269825
407573	426772.987893	85.430840	-4.802857	-0.568286	13.702815
407575	426775.079630	84.556945	5.413172	-0.571399	13.365792
407577	426777.171360	84.614664	-4.974391	-0.571427	13.628732
407579	426779.263646	84.875559	5.268674	-0.575169	12.936215
407581	426781.355331	85.197379	5.334710	-0.577742	12.903220
407583	426783.447796	84.551024	5.399515	-0.577207	13.247530
407585	426785.539298	84.780775	5.363644	-0.577875	13.508267
407587	426787.630803	86.136364	-5.791469	-0.574836	13.272882
407589	426789.722787	84.747680	-5.144255	-0.578968	13.201209
407591	426791.815370	83.481362	-10.450287	-0.582160	12.751576
407593	426793.907198	85.708225	-5.611537	-0.578772	13.486505
407595	426795.999145	84.599597	-5.199943	-0.582691	13.102883
407597	426798.090818	84.548945	-5.133892	-0.581821	13.846070
407599	426800.182631	81.413606	-10.363686	-0.582347	13.178519
407601	426802.275205	84.326323	5.530720	-0.583424	13.160609
407603	426804.367102	84.232562	-5.360266	-0.589042	12.905759
407605	426806.458948	83.096855	-4.551911	-0.608557	13.296142
407607	426808.550503	84.233056	-5.390537	-0.589744	13.555224
407609	426810.641962	84.012727	-6.042768	-0.589587	13.968584
407611	426812.734287	84.049198	-5.448267	-0.591888	13.505939
407613	426814.826444	84.177824	-6.059311	-0.590637	12.614458
407615	426816.918518	83.978661	-5.488205	-0.593197	12.768526
407617	426819.010097	84.138276	5.792291	-0.593163	13.173747
407619	426821.101808	83.411417	-5.237885	-0.593570	13.295502
407621	426823.193378	83.274347	-5.284901	-0.595097	13.568701
407623	426825.285359	83.756612	6.010135	-0.593175	13.450168
407625	426827.377940	83.745124	-5.685918	-0.599581	13.233795
407627	426829.470129	83.667859	-5.661953	-0.599861	12.731152
407629	426831.561953	83.833714	-5.720572	-0.601278	13.040345
407631	426833.652884	84.090933	-6.041595	-0.596503	12.889157
407633	426835.745156	82.951320	-6.342509	-0.600437	13.268651
