num crossings	time (s)	maj axis (mm)	min axis (mm)	theta (rad )	slope (V/s)
2045	3430.575556	37.401096	10.484363	1.431966	2.773481
2047	3432.667850	37.164774	10.653882	1.447027	2.993508
2049	3434.763573	37.571027	10.078568	1.438996	2.810427
2051	3436.854244	38.154037	10.134378	1.439332	3.324789
2053	3438.951681	38.391953	10.124420	1.440861	2.706942
2055	3441.044036	39.054286	12.714617	1.392278	3.330609
2057	3443.139523	38.984908	9.781242	1.447441	2.696779
2059	3445.232885	39.049214	9.745763	1.447650	2.967350
2061	3447.326387	39.502976	10.070190	1.444764	3.400800
2063	3449.422130	39.638622	9.502312	1.451108	2.800171
2065	3451.510771	39.889112	9.369912	1.450835	3.628738
2067	3453.601683	40.148972	9.270544	1.449582	3.203188
2069	3455.692082	40.440647	14.465713	1.368302	3.103204
2071	3457.780880	43.497546	9.881873	1.451524	3.386139
2073	3459.874837	40.758513	8.740393	1.453376	3.033927
2075	3461.965224	40.648453	8.768402	1.431814	2.826067
2077	3464.059408	41.072880	8.790335	1.452090	3.355377
2079	3466.156192	40.353125	12.830597	1.417378	2.795858
2081	3468.248745	44.427544	9.396957	1.457641	3.227008
2083	3470.344600	41.731304	8.372111	1.458851	3.015780
2085	3472.435843	41.735582	8.451319	1.458168	3.390685
2087	3474.530332	42.029325	8.359301	1.459658	3.579386
2089	3476.624991	42.118537	8.509841	1.451628	3.028745
2091	3478.718668	42.348566	8.165191	1.461670	3.356442
2093	3480.811545	42.531986	8.112717	1.462998	3.237762
2095	3482.901521	41.940457	11.958273	1.436834	3.571648
2097	3484.994550	42.632712	7.425126	1.466981	3.487033
2099	3487.085540	43.006929	7.691107	1.467601	3.514891
2101	3489.177907	43.011694	11.595767	1.424436	3.294880
2103	3491.268224	43.110833	7.236191	1.472457	3.272607
2105	3493.361308	44.634602	7.441571	1.449887	3.491793
2107	3495.451248	43.343515	7.529388	1.482098	3.440418
2109	3497.546689	43.302672	7.027038	1.475805	3.727304
2111	3499.641925	43.398612	6.875678	1.474468	3.630487
2113	3501.736317	45.403767	7.210119	1.453984	3.799330
2115	3503.830934	43.805388	7.599711	1.464219	3.771041
2117	3505.926383	44.910359	12.264432	1.407927	3.667970
2119	3508.020667	47.282463	7.784463	1.476826	3.851547
2121	3510.114151	46.097025	7.014885	1.463176	3.951129
2123	3512.207214	45.141700	11.022789	1.432473	3.998595
2125	3514.298744	46.116267	6.933170	1.463628	4.048645
2127	3516.392055	44.619373	6.727666	1.476363	3.910791
2129	3518.484099	45.819590	10.453746	1.438472	3.917691
2131	3520.577111	48.552352	7.473038	1.481015	4.008747
2133	3522.667835	48.511855	7.371836	1.478269	4.057359
2135	3524.759550	45.145297	6.338933	1.481012	4.156081
2137	3526.850852	45.246492	11.409495	1.432400	4.166646
2139	3528.940697	45.418421	6.186657	1.480651	3.864088
2141	3531.031083	45.375426	6.214752	1.479268	3.722593
2143	3533.121026	45.304437	6.320925	1.492485	3.691807
2145	3535.211280	48.803623	6.938391	1.477933	3.736808
2147	3537.303132	48.924997	6.863470	1.479445	3.794696
2149	3539.393825	45.878937	5.748062	1.456149	4.009220
2151	3541.486254	45.782880	5.886388	1.479828	3.901123
2153	3543.578624	45.608229	10.321114	1.448096	3.791234
2155	3545.671685	49.296373	6.615936	1.482613	3.835105
2157	3547.764988	49.239999	6.652684	1.482994	3.766578
2159	3549.857332	45.917116	5.158041	1.485756	3.755156
2161	3551.949969	45.921890	5.055294	1.485902	3.846406
2163	3554.042157	47.347613	5.599288	1.469656	3.890399
2165	3556.134728	46.143255	5.880127	1.478724	3.859473
2167	3558.226152	46.413991	5.425417	1.486178	4.037384
2169	3560.317139	46.472635	5.356875	1.486917	3.866811
2171	3562.409450	46.546113	5.387798	1.498959	3.982826
2173	3564.500342	46.692013	5.139142	1.489572	3.803229
2175	3566.591883	46.339871	5.620810	1.484119	3.816788
2177	3568.684058	46.338454	5.563713	1.484545	3.966900
2179	3570.777239	48.571706	9.756374	1.448582	3.932942
2181	3572.869567	48.006202	5.040442	1.470643	3.971971
2183	3574.962667	46.696053	5.007549	1.501930	4.036521
2185	3577.056800	46.875559	4.731348	1.490662	4.122049
2187	3579.151484	48.368777	10.044327	1.436610	4.109626
2189	3581.245945	48.528663	4.852432	1.475577	4.142915
2191	3583.340031	47.058617	4.803644	1.500998	4.325515
2193	3585.433007	47.171036	4.486931	1.491724	4.307106
2195	3587.525430	47.183851	4.684794	1.502107	4.227304
2197	3589.617474	47.325203	4.530789	1.467417	4.151928
2199	3591.709423	48.465853	8.307390	1.462306	4.152228
2201	3593.801626	50.887796	5.268578	1.492446	4.163354
2203	3595.892845	48.901430	4.591752	1.479326	4.238759
2205	3597.984431	47.420788	4.267465	1.493256	4.243745
2207	3600.075187	47.215661	9.040889	1.460121	4.198736
2209	3602.166020	49.122677	4.309679	1.477046	4.119530
2211	3604.256234	47.783920	9.681436	1.450300	4.285774
2213	3606.345734	47.849078	4.052602	1.465921	3.982750
2215	3608.435717	47.616511	3.978866	1.490933	4.013536
2217	3610.525542	45.615017	9.881364	1.470525	4.106491
2219	3612.617259	49.055322	3.958814	1.478239	4.064300
2221	3614.708238	47.675541	4.242569	1.484464	4.118047
2223	3616.800090	47.838487	3.972552	1.504497	4.010518
2225	3618.891925	47.683437	3.290934	1.495065	3.962601
2227	3620.984096	51.079725	4.486871	1.493021	4.002489
2229	3623.077293	48.027721	3.546968	1.494373	3.937395
2231	3625.168779	48.006002	3.604202	1.493302	4.032710
2233	3627.260627	48.016697	3.547647	1.493707	4.064807
2235	3629.352734	47.680853	3.955846	1.487263	4.004727
2237	3631.444328	48.111162	7.202011	1.473190	4.113414
2239	3633.536631	49.202634	3.563872	1.481524	4.121064
2241	3635.628000	47.964706	3.860372	1.490944	3.986165
2243	3637.719648	48.584465	7.289270	1.467191	4.013617
2245	3639.811732	51.548158	4.195380	1.496565	4.164301
2247	3641.903275	48.275306	3.091116	1.496843	4.150675
2249	3643.995022	48.239858	3.158256	1.496068	4.089194
2251	3646.087901	48.253447	3.164222	1.506337	4.108193
2253	3648.181744	48.316241	2.941450	1.496762	4.107119
2255	3650.274626	48.218202	3.729772	1.492331	4.221646
2257	3652.368364	48.248656	3.690415	1.492068	4.187155
2259	3654.461412	48.261621	3.003596	1.506039	4.375089
2261	3656.554732	51.998096	3.888538	1.498968	4.240298
2263	3658.647707	51.945415	3.765103	1.497064	4.322055
2265	3660.740561	48.372934	2.263322	1.497373	4.446648
2267	3662.832897	48.492560	2.255185	1.498005	4.336799
2269	3664.925383	48.499184	2.182305	1.497489	4.334738
2271	3667.016492	50.251982	2.954566	1.484999	4.365901
2273	3669.107801	48.654273	2.655939	1.505199	4.455416
2275	3671.199291	50.310041	2.860745	1.484102	4.414600
2277	3673.290917	48.653414	3.319867	1.494422	4.440824
2279	3675.381495	48.762469	2.443081	1.495767	4.444330
2281	3677.471715	48.793088	2.489764	1.505533	4.282995
2283	3679.561692	48.909133	2.257487	1.495800	4.406709
2285	3681.652182	48.823555	2.314173	1.494471	4.193697
2287	3683.742385	49.880724	7.590023	1.454587	4.148776
2289	3685.832823	48.685874	1.695469	1.497079	4.267444
2291	3687.923806	50.121175	2.428460	1.483810	4.161283
2293	3690.015123	49.726131	6.625621	1.463564	4.090349
2295	3692.106571	50.240374	2.316373	1.484319	4.137628
2297	3694.198185	49.380563	6.406896	1.468861	4.264052
2299	3696.289992	52.548314	3.237884	1.495060	4.191255
2301	3698.381320	50.106491	2.204206	1.482891	4.236105
2303	3700.473635	49.063280	2.073341	1.504324	4.111258
2305	3702.565128	49.087204	1.840185	1.496420	4.050121
2307	3704.657199	49.064263	1.979196	1.504919	4.122935
2309	3706.748621	50.411030	2.067199	1.484022	4.154998
2311	3708.840953	49.105019	1.842172	1.496123	4.135905
2313	3710.932446	49.806999	5.511653	1.472032	4.144838
2315	3713.024143	50.445747	1.977904	1.482693	4.081291
2317	3715.115838	49.083197	2.470450	1.493919	4.335895
2319	3717.208851	48.836825	2.293045	1.491881	4.159537
2321	3719.300972	49.019186	2.421677	1.492845	4.167938
2323	3721.394071	49.141854	1.669715	1.504430	4.191165
2325	3723.486555	53.032075	2.861135	1.496806	4.366794
2327	3725.579987	49.026479	1.014377	1.497153	4.301667
2329	3727.671561	53.116076	2.837280	1.497592	4.531784
2331	3729.764883	51.069303	1.791006	1.483904	4.209889
2333	3731.858535	49.287212	1.417164	1.493310	4.403053
2335	3733.950376	49.303965	1.365782	1.493308	4.330008
