time (s)	coil I (A)	last det (V)	int current (uC)
433433.354036	0.671935	118.457031	-379.101562
433433.356037	0.670586	7.376442	0.205945
433434.432067	0.615694	413.281250	-1.464844
433434.434070	0.672416	413.281250	-1.464844
433434.436073	0.672286	7.395150	0.270294
433435.447047	0.502104	122.851562	-369.042969
433435.449047	0.673990	122.851562	-369.042969
433435.453046	0.671041	7.381449	0.197632
433436.529105	0.602090	395.703125	-0.097656
433436.531108	0.673531	395.703125	-0.097656
433436.535106	0.670260	7.372861	0.174537
433437.545152	0.627609	123.046875	-379.980469
433437.547154	0.672748	123.046875	-379.980469
433437.549155	0.670904	7.379942	0.330674
433438.627726	0.673694	402.441406	-1.562500
433438.629728	0.671604	7.387644	0.192392
433439.642692	0.656113	115.136719	-443.457031
433439.644691	0.672567	115.136719	-443.457031
433439.646692	0.670917	7.380084	0.615456
433440.722695	0.499937	390.332031	-1.660156
433440.724697	0.673336	390.332031	-1.660156
433440.726695	0.671888	7.390763	0.180983
433441.739268	0.610345	117.285156	-414.648437
433441.741271	0.673778	117.285156	-414.648437
433441.745268	0.670709	7.377798	0.172743
433442.787830	0.608498	404.687500	-4.394531
433442.789832	0.673687	404.687500	-4.394531
433442.791835	0.671700	7.388698	0.234366
433443.801803	0.302071	124.218750	-365.722656
433443.803805	0.625045	124.218750	-365.722656
433443.805805	0.673123	124.218750	-365.722656
433443.807804	0.671325	7.384577	0.222234
433444.883826	0.430112	401.953125	-5.566406
433444.885828	0.667763	401.953125	-5.566406
433444.887828	0.672759	401.953125	-5.566406
433444.889827	0.671243	7.383673	0.220672
433445.905826	0.669948	127.050781	-337.890625
433445.907827	0.669931	7.369237	0.211169
433446.982818	0.660987	393.750000	-4.785156
433446.984818	0.672407	393.750000	-4.785156
433446.986819	0.670849	7.379340	0.696171
433448.002844	0.671107	114.746094	-421.093750
433448.004845	0.670118	7.371302	0.189173
433449.078924	0.563220	391.503906	-2.832031
433449.080928	0.674383	391.503906	-2.832031
433449.082927	0.672188	7.394069	0.197070
433450.094965	0.593343	114.453125	-419.042969
433450.096966	0.673398	114.453125	-419.042969
433450.098967	0.671316	7.384471	0.185174
433451.177009	0.655172	400.488281	-1.562500
433451.179011	0.672125	400.488281	-1.562500
433451.181013	0.670490	7.375387	0.183629
433452.191945	0.571041	114.257812	-424.707031
433452.193946	0.673654	114.257812	-424.707031
433452.195948	0.671407	7.385481	0.174949
433453.271957	0.339956	384.863281	1.269531
433453.275958	0.672957	384.863281	1.269531
433453.277959	0.671192	384.863281	1.269531
433453.281958	0.669238	7.361615	0.173775
433454.287976	0.378125	105.957031	-469.335937
433454.289984	0.654459	105.957031	-469.335937
433454.291991	0.671578	105.957031	-469.335937
433454.293993	0.669831	7.368137	0.156644
433455.370029	0.509015	380.468750	2.734375
433455.372029	0.673309	380.468750	2.734375
433455.374031	0.671588	7.387467	0.164766
433456.388558	0.674286	111.230469	-444.531250
433456.390561	0.672253	7.394778	0.176761
433457.467145	0.502967	376.660156	3.125000
433457.469147	0.673383	376.660156	3.125000
433457.471146	0.671835	7.390187	0.156852
433458.485176	0.673349	109.667969	-455.371094
433458.487177	0.671187	7.383062	0.138812
433459.532114	0.588712	395.312500	2.148437
433459.534114	0.673149	395.312500	2.148437
433459.536116	0.671026	7.381289	0.213313
433460.548077	0.606739	117.382812	-405.468750
433460.550079	0.672837	117.382812	-405.468750
433460.552079	0.670756	7.378320	0.207159
433461.628134	0.403979	388.964844	2.929687
433461.630136	0.661946	388.964844	2.929687
433461.632133	0.672257	388.964844	2.929687
433461.634133	0.670662	7.377284	0.209955
433462.644174	0.445572	114.257812	-427.148437
433462.646169	0.671113	114.257812	-427.148437
433462.648169	0.673779	114.257812	-427.148437
433462.650169	0.672321	7.395531	0.188339
433463.726209	0.561027	390.136719	3.027344
433463.728212	0.674036	390.136719	3.027344
433463.730211	0.671831	7.390143	0.200805
433464.742769	0.643150	117.480469	-410.156250
433464.744771	0.672687	117.480469	-410.156250
433464.746771	0.670919	7.380111	0.470731
433465.823763	0.610925	379.687500	3.515625
433465.825768	0.673082	379.687500	3.515625
433465.827771	0.671158	7.382734	0.227210
433466.838320	0.415790	110.156250	-460.253906
433466.840323	0.663991	110.156250	-460.253906
433466.844324	0.669765	110.156250	-460.253906
433466.846322	0.668749	7.356236	0.176037
433467.920394	0.542450	373.925781	3.125000
433467.922394	0.674477	373.925781	3.125000
433467.924396	0.672182	7.394007	0.164298
433468.936979	1.514312	106.933594	-482.226562
433468.938982	0.672760	106.933594	-482.226562
433468.940979	0.671057	7.381626	0.381853
433470.017027	0.455968	371.093750	2.539062
433470.019029	0.670592	371.093750	2.539062
433470.021028	0.671907	7.390976	0.161412
433471.032011	0.301599	107.519531	-487.207031
433471.034014	0.624630	107.519531	-487.207031
433471.036012	0.672884	107.519531	-487.207031
433471.038013	0.671023	7.381254	0.146433
433472.082562	0.620968	396.484375	-1.367187
433472.084569	0.627620	396.484375	-1.367187
433472.086568	0.670647	7.377115	0.324100
433473.098592	0.641051	123.828125	-392.382812
433473.100594	0.672229	123.828125	-392.382812
433473.102595	0.670385	7.374235	0.211280
433474.179147	0.551897	388.378906	-2.246094
433474.181148	0.674015	388.378906	-2.246094
433474.183149	0.671800	7.389798	0.212897
433475.195174	0.581483	116.406250	-448.632812
433475.197179	0.673303	116.406250	-448.632812
433475.199183	0.671204	7.383248	0.207217
433476.275226	0.365667	376.074219	-1.464844
433476.277229	0.652142	376.074219	-1.464844
433476.279230	0.673746	376.074219	-1.464844
433476.281230	0.672045	7.392500	0.184307
433477.291259	0.406246	113.769531	-464.160156
433477.293262	0.662315	113.769531	-464.160156
433477.297262	0.670412	113.769531	-464.160156
433477.299263	0.669260	7.361864	0.177606
433478.375297	0.674049	375.097656	-0.976562
433478.377300	0.671953	375.097656	-0.976562
433478.379299	0.670594	7.376531	0.184425
433479.389342	0.563827	110.156250	-490.332031
433479.391343	0.674506	110.156250	-490.332031
433479.393343	0.672292	7.395212	0.182385
433480.473420	0.673093	371.093750	1.171875
433480.475424	0.671332	7.384657	0.449279
433481.485429	1.543062	116.796875	-464.746094
433481.487429	0.656026	116.796875	-464.746094
433481.489430	0.672153	116.796875	-464.746094
433481.491430	0.670414	7.374554	0.171744
433482.567482	0.509651	358.300781	4.003906
433482.569484	0.673132	358.300781	4.003906
433482.571482	0.671461	7.386066	0.157723
433483.586082	0.673577	114.160156	-491.894531
433483.588083	0.671693	114.160156	-491.894531
433483.590084	0.670524	7.375760	0.242081
433484.632125	0.548840	396.191406	2.832031
433484.634127	0.674075	396.191406	2.832031
433484.636126	0.671912	7.391029	0.240958
433485.680162	0.462089	108.203125	-522.656250
433485.682163	0.671004	108.203125	-522.656250
433485.684165	0.671771	7.389478	0.129532
433486.730184	0.648589	387.988281	3.808594
433486.732186	0.672159	387.988281	3.808594
433486.734187	0.670393	7.374323	0.215689
433487.777145	0.430540	106.347656	-529.394531
433487.779146	0.666855	106.347656	-529.394531
433487.783147	0.670015	106.347656	-529.394531
433487.785147	0.669057	7.359630	0.126250
433488.827177	0.636850	382.421875	4.492187
433488.829179	0.672239	382.421875	4.492187
433488.831178	0.670347	7.373819	0.205096
433489.842087	0.528537	123.437500	-416.015625
433489.844089	0.673418	123.437500	-416.015625
433489.846090	0.671392	7.385313	0.187903
433490.924143	0.620541	358.789062	6.152344
433490.926144	0.672387	358.789062	6.152344
433490.928144	0.670497	7.375467	0.195772
433491.938196	0.339782	114.355469	-463.769531
433491.942202	0.672026	114.355469	-463.769531
433491.944203	0.670213	114.355469	-463.769531
433491.946205	0.669120	7.360322	0.186174
433493.020230	0.466466	366.113281	6.250000
433493.022233	0.671367	366.113281	6.250000
433493.024233	0.671794	7.389735	0.178195
433494.039144	0.672402	106.250000	-513.281250
433494.041145	0.670508	106.250000	-513.281250
433494.043146	0.669319	7.362510	0.165969
433495.117216	0.438691	354.394531	6.933594
433495.119218	0.668283	354.394531	6.933594
433495.121219	0.671763	354.394531	6.933594
433495.125217	0.669131	7.360445	0.158116
433496.133287	0.485931	101.953125	-535.058594
433496.135289	0.672553	101.953125	-535.058594
433496.137290	0.671763	7.389390	0.145542
433497.215341	0.590771	340.917969	7.421875
433497.217346	0.673040	340.917969	7.421875
433497.219350	0.670893	7.379818	0.147603
433498.233392	0.673480	98.242187	-556.933594
433498.235399	0.671592	7.387511	0.228621
433499.311418	0.416407	345.410156	7.519531
433499.313418	0.426547	345.410156	7.519531
433499.315420	0.671977	345.410156	7.519531
433499.317418	0.670333	7.373659	0.145026
433500.330394	0.673545	102.539062	-534.082031
433500.332396	0.671533	7.386864	0.122730
433501.376971	0.599796	368.750000	6.054687
433501.378973	0.672899	368.750000	6.054687
433501.380972	0.670795	7.378746	0.209442
433502.391010	0.304841	111.816406	-480.273437
433502.393010	0.626117	111.816406	-480.273437
433502.395011	0.672676	111.816406	-480.273437
433502.397012	0.670876	7.379641	0.200531
433503.475059	0.668346	368.652344	6.542969
433503.477061	0.672033	368.652344	6.542969
433503.479063	0.670442	7.374865	0.200860
433504.489626	0.562929	120.019531	-441.210937
433504.491627	0.673451	120.019531	-441.210937
433504.493628	0.671270	7.383975	0.186207
433505.569693	0.339749	351.953125	7.226562
433505.571694	0.641805	351.953125	7.226562
433505.573695	0.672738	351.953125	7.226562
433505.575694	0.671085	7.381936	0.183322
433506.585720	0.382371	117.871094	-462.109375
433506.587723	0.656274	117.871094	-462.109375
433506.589722	0.672313	117.871094	-462.109375
433506.591722	0.670586	7.376451	0.179446
433507.666713	0.315230	338.281250	8.105469
433507.668714	0.630939	338.281250	8.105469
433507.670715	0.672365	338.281250	8.105469
433507.672717	0.670565	7.376211	0.160772
433508.684744	0.647770	114.355469	-495.703125
433508.686746	0.672453	114.355469	-495.703125
433508.688747	0.670793	7.378720	0.501843
433509.765314	0.566655	349.316406	6.835937
433509.767314	0.674316	349.316406	6.835937
433509.769316	0.672001	7.392013	0.151066
433510.781405	1.640822	112.207031	-518.652344
433510.783407	0.672753	112.207031	-518.652344
433510.785408	0.670702	7.377727	0.141198
433511.862001	0.496898	342.675781	7.226562
433511.864002	0.674206	342.675781	7.226562
433511.866003	0.672837	7.401212	0.138809
433512.880065	0.673585	107.617187	-550.488281
433512.882070	0.671436	107.617187	-550.488281
433512.884075	0.670051	7.370557	0.127141
433513.926161	0.457523	355.859375	6.640625
433513.928162	0.670925	355.859375	6.640625
433513.930162	0.672114	7.393253	0.206605
433514.974212	0.359601	103.320312	-571.582031
433514.976215	0.649195	103.320312	-571.582031
433514.978214	0.672672	103.320312	-571.582031
433514.980213	0.670936	7.380297	0.122961
433516.024235	0.596887	349.023437	5.273437
433516.026237	0.672593	349.023437	5.273437
433516.028237	0.670531	7.375839	0.178219
433517.038273	0.299291	120.898437	-465.917969
433517.040276	0.623462	120.898437	-465.917969
433517.042276	0.672591	120.898437	-465.917969
433517.044278	0.670669	7.377355	0.191734
433518.120880	0.528979	345.117187	3.417969
433518.122882	0.674146	345.117187	3.417969
433518.124883	0.672057	7.392624	0.169661
433519.136917	0.563224	109.863281	-522.558594
433519.138918	0.673839	109.863281	-522.558594
433519.142916	0.670352	7.373872	0.171755
433520.218963	0.640021	350.390625	2.441406
433520.220963	0.672320	350.390625	2.441406
433520.222964	0.670470	7.375165	0.423439
433521.233938	0.544378	104.785156	-552.734375
433521.237939	0.671166	104.785156	-552.734375
433521.239940	0.669798	7.367784	0.155799
433522.315987	0.629694	343.554687	2.636719
433522.317987	0.672363	343.554687	2.636719
433522.319990	0.670466	7.375130	0.336567
433523.330575	0.457196	105.957031	-549.023437
433523.332578	0.670072	105.957031	-549.023437
433523.334575	0.671244	7.383682	0.150837
433524.414644	0.673418	341.503906	3.613281
433524.418643	0.669972	7.369697	0.131421
433525.428661	0.600103	102.636719	-562.597656
433525.430662	0.673623	102.636719	-562.597656
433525.432662	0.671562	7.387183	0.124230
433526.477616	0.636923	365.722656	2.636719
433526.479617	0.639862	365.722656	2.636719
433526.481618	0.670603	7.376637	0.218246
433527.527658	0.584505	91.699219	-617.480469
433527.529660	0.671279	91.699219	-617.480469
433527.533657	0.669162	7.360783	0.114173
433528.573710	0.502452	365.136719	4.199219
433528.575712	0.673142	365.136719	4.199219
433528.577713	0.671628	7.387909	0.195971
433529.588671	0.347344	118.652344	-471.484375
433529.590671	0.644592	118.652344	-471.484375
433529.592671	0.672664	118.652344	-471.484375
433529.594673	0.670896	7.379854	0.188501
433530.670686	0.472412	338.085937	6.835937
433530.672688	0.672233	338.085937	6.835937
433530.674689	0.672181	7.393989	0.185662
433531.686655	0.499249	104.589844	-548.828125
433531.690655	0.671828	104.589844	-548.828125
433531.694656	0.669521	7.364735	0.172677
433532.770708	0.673271	347.070312	7.031250
433532.772712	0.671196	7.383159	0.162168
433533.785259	0.661156	105.664062	-540.820312
433533.787262	0.672025	105.664062	-540.820312
433533.789263	0.670383	7.374218	0.157416
433534.867298	0.674069	336.328125	7.812500
433534.869301	0.672023	7.392252	0.150864
433535.881816	0.617944	105.371094	-544.531250
433535.883817	0.672693	105.371094	-544.531250
433535.885817	0.670756	7.378312	0.143312
433536.964409	0.673155	336.816406	7.910156
433536.966410	0.671283	7.384108	0.140224
433537.979356	0.649795	94.140625	-604.003906
433537.981359	0.672702	94.140625	-604.003906
433537.983356	0.671062	7.381680	0.131623
433539.059437	0.497830	333.007812	7.519531
433539.061439	0.673085	333.007812	7.519531
433539.063439	0.671724	7.388964	0.129135
433540.075436	0.529649	100.292969	-574.707031
433540.077437	0.674086	100.292969	-574.707031
433540.079437	0.671987	7.391862	0.113650
433541.126374	0.673654	354.003906	5.957031
433541.128376	0.671436	7.385800	0.198977
433542.174913	0.673357	92.871094	-615.820312
433542.176916	0.671240	7.383638	0.104691
433543.221504	0.577766	345.312500	6.250000
433543.225503	0.671326	345.312500	6.250000
433543.227506	0.670084	7.370921	0.184373
433544.241543	0.670425	110.449219	-530.566406
433544.243545	0.669214	7.361350	0.176335
433545.320115	0.673729	329.101562	6.054687
433545.322117	0.672405	7.396453	0.164466
433546.334163	0.536702	104.394531	-565.332031
433546.336166	0.674414	104.394531	-565.332031
433546.338165	0.672224	7.394459	0.162342
433547.414155	0.290236	331.250000	5.468750
433547.416156	0.618422	331.250000	5.468750
433547.418157	0.671961	331.250000	5.468750
433547.420158	0.669977	7.369751	0.153711
433548.430199	0.333286	101.464844	-582.324219
433548.432200	0.638614	101.464844	-582.324219
433548.434199	0.672000	101.464844	-582.324219
433548.436201	0.670145	7.371594	0.146879
433549.514258	0.671416	330.566406	4.785156
433549.516260	0.671692	7.388609	0.136959
433550.528810	0.583064	104.785156	-566.992187
433550.530810	0.673021	104.785156	-566.992187
433550.532812	0.670923	7.380155	0.134879
433551.611738	0.673079	308.203125	6.640625
433551.613741	0.671102	7.382123	0.127231
433552.625731	0.551533	94.042969	-622.070312
433552.629730	0.671426	94.042969	-622.070312
433552.633732	0.669154	7.360693	0.117096
433553.673794	0.466290	353.417969	5.273437
433553.675797	0.671199	353.417969	5.273437
433553.677796	0.671470	7.386172	0.196925
433554.722330	0.459328	94.433594	-626.757812
433554.724332	0.671455	94.433594	-626.757812
433554.728331	0.670993	7.380926	0.110345
433555.770376	0.359379	330.859375	8.203125
433555.772378	0.648584	330.859375	8.203125
433555.774379	0.671961	330.859375	8.203125
433555.776378	0.670194	7.372135	0.178385
433556.786381	0.397493	120.605469	-507.226562
433556.788384	0.659826	120.605469	-507.226562
433556.790382	0.671558	120.605469	-507.226562
433556.792382	0.669887	7.368758	0.178112
433557.868967	0.597519	335.742187	9.277344
433557.870969	0.672530	335.742187	9.277344
433557.872968	0.670417	7.374590	0.163466
433558.885948	0.671728	114.843750	-541.406250
433558.887950	0.672041	114.843750	-541.406250
433558.889951	0.670019	7.370211	0.162546
433559.967982	0.673461	330.566406	10.058594
433559.969983	0.671254	7.383798	0.148403
433560.980995	0.455004	108.105469	-570.898437
433560.982993	0.670314	108.105469	-570.898437
433560.984993	0.671728	7.389009	0.143768
433562.065040	0.673107	322.460937	11.035156
433562.067043	0.670871	7.379579	0.136320
433563.079057	0.595085	101.367187	-599.511719
433563.081059	0.672411	101.367187	-599.511719
433563.083063	0.670314	7.373456	0.126566
433564.159149	0.392941	319.042969	11.621094
433564.161151	0.659039	319.042969	11.621094
433564.163152	0.671975	319.042969	11.621094
433564.167150	0.669342	7.362759	0.128558
433565.177191	0.668114	104.199219	-580.957031
433565.179193	0.671996	104.199219	-580.957031
433565.183192	0.669410	7.363512	0.116176
433566.223711	0.425681	333.789062	10.839844
433566.225714	0.665972	333.789062	10.839844
433566.227713	0.671599	333.789062	10.839844
433566.229712	0.669972	7.369689	0.200812
433567.271795	0.332975	97.265625	-609.570312
433567.273796	0.638726	97.265625	-609.570312
433567.275795	0.672136	97.265625	-609.570312
433567.277795	0.670370	7.374066	0.105585
433568.321813	0.580382	325.195312	11.035156
433568.323816	0.672628	325.195312	11.035156
433568.327812	0.669069	7.359763	0.184274
433569.369895	0.503986	86.816406	-655.566406
433569.371897	0.673915	86.816406	-655.566406
433569.373899	0.672298	7.395274	0.097766
433570.419878	0.661029	315.722656	11.425781
433570.421880	0.672497	315.722656	11.425781
433570.423880	0.670869	7.379561	0.688316
433571.433932	0.444482	110.546875	-539.746094
433571.435929	0.670823	110.546875	-539.746094
433571.437930	0.673461	110.546875	-539.746094
433571.439928	0.671987	7.391853	0.161439
433572.516464	0.620356	314.355469	11.621094
433572.518464	0.672475	314.355469	11.621094
433572.520464	0.670603	7.376637	0.162281
433573.530515	0.340395	104.980469	-568.066406
433573.532518	0.641631	104.980469	-568.066406
433573.534516	0.672270	104.980469	-568.066406
433573.536519	0.670444	7.374882	0.146358
433574.612593	0.475259	319.726562	11.425781
433574.614595	0.672207	319.726562	11.425781
433574.616594	0.671931	7.391242	0.143624
433575.633166	0.670541	106.445312	-567.089844
433575.635168	0.669298	7.362280	0.128351
433576.709226	0.378905	301.269531	12.988281
433576.711229	0.655012	301.269531	12.988281
433576.713230	0.671921	301.269531	12.988281
433576.715230	0.670298	7.373278	0.127988
433577.725282	0.425254	96.679687	-621.972656
433577.727281	0.665668	96.679687	-621.972656
433577.729283	0.671469	96.679687	-621.972656
433577.731282	0.669910	7.369006	0.122525
433578.773313	0.324054	347.363281	10.937500
433578.775315	0.634592	347.363281	10.937500
433578.777314	0.671976	347.363281	10.937500
433578.779315	0.670153	7.371683	0.204959
433579.823353	0.576864	99.511719	-611.816406
433579.825354	0.672778	99.511719	-611.816406
433579.827354	0.670553	7.376087	0.102775
433580.871867	0.569253	332.617187	11.523437
433580.873871	0.673412	332.617187	11.523437
433580.875869	0.671164	7.382805	0.181707
433581.922468	0.673393	100.097656	-613.671875
433581.924471	0.671261	7.383869	0.092129
433582.969433	0.616578	320.507812	11.914062
433582.971435	0.672375	320.507812	11.914062
433582.973436	0.670393	7.374323	0.240628
433583.985501	0.640754	117.480469	-537.011719
433583.987504	0.672793	117.480469	-537.011719
433583.989504	0.671076	7.381839	0.427995
433585.066465	0.604561	320.507812	12.109375
433585.068466	0.672189	320.507812	12.109375
433585.070467	0.670084	7.370921	0.147757
433586.081008	0.404047	110.449219	-573.828125
433586.083010	0.661724	110.449219	-573.828125
433586.085010	0.671921	110.449219	-573.828125
433586.089008	0.669176	7.360932	0.147351
433587.165088	0.673558	316.503906	11.328125
433587.167089	0.671491	7.386403	0.134510
433588.178040	0.380070	104.589844	-594.824219
433588.180043	0.655314	104.589844	-594.824219
433588.182041	0.672153	104.589844	-594.824219
433588.184042	0.670412	7.374537	0.133076
433589.262092	0.967312	291.113281	10.449219
433589.264095	0.671677	7.388450	0.123102
433590.276109	0.543847	98.535156	-615.917969
433590.278111	0.673231	98.535156	-615.917969
433590.280113	0.671030	7.381334	0.119555
433591.326213	0.671494	334.667969	7.421875
433591.330212	0.670521	7.375732	0.191938
433592.374275	0.651375	87.402344	-659.472656
433592.376277	0.671910	87.402344	-659.472656
433592.378276	0.670064	7.370708	0.109379
433593.422329	0.607940	333.007812	6.445312
433593.424330	0.672865	333.007812	6.445312
433593.426330	0.670880	7.379685	0.186805
433594.469323	0.350053	86.914062	-660.937500
433594.471324	0.644949	86.914062	-660.937500
433594.473323	0.671609	86.914062	-660.937500
433594.475324	0.669730	7.367030	0.098563
433595.521382	0.672796	327.539062	6.738281
433595.523383	0.670571	327.539062	6.738281
433595.525386	0.669350	7.362847	0.157377
433596.536353	0.671567	108.203125	-569.921875
433596.538355	0.671702	108.203125	-569.921875
433596.540356	0.670168	7.371842	0.161386
433597.616433	0.583208	321.679687	7.617187
433597.618436	0.673488	321.679687	7.617187
433597.620433	0.671287	7.384152	0.144610
433598.632991	0.653477	104.199219	-588.378906
433598.634991	0.672190	104.199219	-588.378906
433598.636993	0.670459	7.375051	0.570602
433599.717575	0.670709	312.597656	8.789062
433599.719579	0.669329	7.362617	0.136565
433600.728145	0.373816	96.777344	-622.558594
433600.730149	0.653230	96.777344	-622.558594
433600.732147	0.671693	96.777344	-622.558594
433600.734148	0.670002	7.370026	0.131808
433601.810212	0.505097	295.898437	10.644531
433601.812216	0.672729	295.898437	10.644531
433601.814215	0.671160	7.382761	0.127506
433602.826244	0.542099	89.257812	-653.515625
433602.828244	0.673894	89.257812	-653.515625
433602.830245	0.671676	7.388433	0.117696
433603.910264	0.672891	286.621094	11.230469
433603.912266	0.671066	7.381724	0.273735
433604.924283	0.643005	84.863281	-670.703125
433604.926284	0.672145	84.863281	-670.703125
433604.928286	0.670316	7.373473	0.416510
433605.972269	0.583351	317.578125	10.058594
433605.974271	0.673000	317.578125	10.058594
433605.976269	0.670871	7.379579	0.183418
433607.022281	0.673386	84.179687	-673.730469
433607.024283	0.673512	84.179687	-673.730469
433607.026284	0.670526	7.375786	0.091973
433608.072309	0.672335	325.097656	10.253906
433608.074312	0.670791	7.378702	0.163872
433609.084861	0.531995	106.640625	-577.734375
433609.086863	0.673555	106.640625	-577.734375
433609.088865	0.671495	7.386447	0.160303
433610.164895	0.293839	306.347656	10.742187
433610.168896	0.672044	306.347656	10.742187
433610.170897	0.670080	306.347656	10.742187
433610.172900	0.668849	7.357335	0.154543
433611.182920	0.638956	97.656250	-617.871094
433611.184922	0.671938	97.656250	-617.871094
433611.188920	0.668866	7.357521	0.409487
433612.262957	0.463490	308.105469	9.863281
433612.266960	0.671836	308.105469	9.863281
433612.268961	0.670303	7.373331	0.138093
433613.279003	0.505892	96.191406	-625.488281
433613.281007	0.673247	96.191406	-625.488281
433613.283007	0.671577	7.387342	0.130164
433614.361079	0.607981	308.398437	9.667969
433614.363082	0.672317	308.398437	9.667969
433614.365081	0.670235	7.372587	0.122766
433615.376101	0.496061	96.972656	-625.292969
433615.378102	0.672832	96.972656	-625.292969
433615.382102	0.670133	7.371461	0.117823
433616.458717	0.650189	284.570312	10.546875
433616.460719	0.672397	284.570312	10.546875
433616.462717	0.670689	7.377576	0.500410
433617.472680	0.392490	91.796875	-648.535156
433617.474680	0.659097	91.796875	-648.535156
433617.476681	0.672263	91.796875	-648.535156
433617.480679	0.669519	7.364708	0.105777
433618.522710	0.618063	329.882812	8.203125
433618.524711	0.672252	329.882812	8.203125
433618.526711	0.670313	7.373446	0.177716
433619.571279	0.617287	87.402344	-665.234375
433619.573281	0.672664	87.402344	-665.234375
433619.575282	0.670719	7.377904	0.096942
433620.619335	0.552783	320.312500	8.496094
433620.621339	0.559590	320.312500	8.496094
433620.623337	0.671053	7.381582	0.155776
433621.668324	0.604513	80.078125	-690.722656
433621.672324	0.671212	80.078125	-690.722656
433621.674325	0.669943	7.369370	0.083328
433622.716362	0.534383	301.757812	9.667969
433622.718366	0.673923	301.757812	9.667969
433622.720363	0.671770	7.389469	0.143324
433623.732421	0.570225	100.390625	-612.304687
433623.734424	0.673996	100.390625	-612.304687
433623.736423	0.671809	7.389904	0.145063
433624.814424	0.638884	290.625000	10.839844
433624.816425	0.671990	290.625000	10.839844
433624.818424	0.670109	7.371195	0.133232
433625.830513	0.657616	96.386719	-634.667969
433625.832516	0.672072	96.386719	-634.667969
433625.834514	0.670426	7.374687	0.135081
433626.912597	0.673058	299.511719	11.914062
433626.914597	0.671060	7.381661	0.116949
433627.927552	0.651809	103.710937	-610.546875
433627.929553	0.672268	103.710937	-610.546875
433627.933551	0.669501	7.364513	0.527468
433628.974483	0.433858	318.164062	12.597656
433628.976486	0.667189	318.164062	12.597656
433628.978485	0.671339	318.164062	12.597656
433628.980486	0.669739	7.367128	0.190051
433630.022505	0.330460	92.773437	-658.398437
433630.024507	0.638002	92.773437	-658.398437
433630.026507	0.672866	92.773437	-658.398437
433630.028506	0.671132	7.382450	0.108911
433631.074531	0.673749	300.390625	14.257812
433631.076533	0.671629	7.387918	0.177887
433632.120545	0.493980	94.238281	-653.125000
433632.122546	0.502128	94.238281	-653.125000
433632.124547	0.671594	7.387537	0.092385
433633.168609	0.399550	298.437500	14.160156
433633.170611	0.660166	298.437500	14.160156
433633.172611	0.671363	298.437500	14.160156
433633.174611	0.669624	7.365869	0.164924
433634.218662	0.624681	91.308594	-662.988281
433634.220663	0.671873	91.308594	-662.988281
433634.222665	0.669925	7.369175	0.240019
433635.267260	0.626290	290.136719	15.136719
433635.269262	0.672032	290.136719	15.136719
433635.271263	0.670128	7.371408	0.148367
433636.281275	1.651522	104.785156	-604.394531
433636.285274	0.671930	104.785156	-604.394531
433636.287277	0.670073	104.785156	-604.394531
433636.289275	0.668848	7.357326	0.141890
433637.363316	0.475467	292.089844	15.234375
433637.365318	0.671482	292.089844	15.234375
433637.367318	0.671818	7.390001	0.132284
433638.379327	0.508701	109.277344	-580.566406
433638.381330	0.673106	109.277344	-580.566406
433638.383329	0.671457	7.386022	0.129417
433639.461382	0.609055	277.929687	16.113281
433639.463384	0.672782	277.929687	16.113281
433639.465384	0.670810	7.378905	0.138533
433640.479389	0.672612	93.945312	-644.531250
433640.481390	0.670863	7.379491	0.301772
433641.557435	0.442341	290.625000	15.722656
433641.559443	0.669492	290.625000	15.722656
433641.561442	0.672377	290.625000	15.722656
433641.563441	0.670961	7.380572	0.111390
433642.573481	0.485434	97.753906	-628.808594
433642.575483	0.671563	97.753906	-628.808594
433642.577483	0.670694	7.377638	0.104164
433643.622051	0.484328	308.984375	15.429687
433643.624054	0.672280	308.984375	15.429687
433643.626053	0.671516	7.386678	0.176907
433644.670084	0.386096	88.574219	-665.429687
433644.672084	0.657044	88.574219	-665.429687
433644.674085	0.671883	88.574219	-665.429687
433644.676086	0.670096	7.371054	0.091173
433645.718133	0.284589	300.878906	15.527344
433645.720136	0.615373	300.878906	15.527344
433645.722140	0.672323	300.878906	15.527344
433645.724138	0.670329	7.373623	0.164260
433646.768210	0.552186	89.941406	-663.574219
433646.770211	0.673052	89.941406	-663.574219
433646.772212	0.670819	7.379012	0.080745
433647.816830	0.558278	290.820312	16.308594
433647.818832	0.673749	290.820312	16.308594
433647.820830	0.671522	7.386740	0.143922
433648.832899	0.592868	103.710937	-610.546875
433648.834901	0.672392	103.710937	-610.546875
433648.836902	0.670259	7.372844	0.134959
433649.912938	0.380157	296.093750	16.210937
433649.914939	0.655221	296.093750	16.210937
433649.916941	0.671658	296.093750	16.210937
433649.918940	0.669952	7.369467	0.135368
433650.929484	0.510789	106.933594	-600.488281
433650.931485	0.518803	106.933594	-600.488281
433650.933486	0.670612	7.376734	0.133922
433652.012039	0.652513	274.121094	16.210937
433652.014042	0.672530	274.121094	16.210937
433652.016041	0.670798	7.378781	0.529755
433653.028082	0.663282	99.316406	-635.058594
433653.030084	0.671304	99.316406	-635.058594
433653.032084	0.669585	7.365435	0.115101
433654.108096	0.529648	270.605469	16.113281
433654.110098	0.673706	270.605469	16.113281
433654.112098	0.671651	7.388158	0.108821
433655.124157	0.567560	97.753906	-643.847656
433655.126160	0.673484	97.753906	-643.847656
433655.128160	0.671269	7.383957	0.100850
433656.172208	0.485814	319.628906	14.453125
433656.174209	0.672497	319.628906	14.453125
433656.176209	0.672659	7.399253	0.178808
433657.220207	0.379729	97.363281	-642.480469
433657.222211	0.655176	97.363281	-642.480469
433657.224210	0.671911	97.363281	-642.480469
433657.226211	0.670144	7.371585	0.094824
433658.272215	0.672396	299.804687	14.257812
433658.274217	0.670430	299.804687	14.257812
433658.276218	0.669234	7.361571	0.181531
433659.318267	0.541132	93.164062	-656.542969
433659.320269	0.673899	93.164062	-656.542969
433659.322269	0.671755	7.389301	0.080887
433660.366323	0.445232	296.386719	13.378906
433660.368322	0.669177	296.386719	13.378906
433660.370322	0.671003	296.386719	13.378906
433660.372321	0.669333	7.362661	0.140905
433661.382310	0.484144	106.054687	-602.441406
433661.386310	0.670651	106.054687	-602.441406
433661.388313	0.669150	7.360649	0.144377
433662.466356	0.673094	279.492187	12.597656
433662.468356	0.670965	7.380616	0.124585
433663.480383	0.615680	97.363281	-631.152344
433663.482385	0.673027	97.363281	-631.152344
433663.484385	0.672858	7.401433	0.198996
433664.560421	0.414637	290.625000	11.523437
433664.562421	0.663726	290.625000	11.523437
433664.564423	0.671440	290.625000	11.523437
433664.566421	0.669787	7.367660	0.114427
433665.576995	0.546869	93.457031	-644.824219
433665.578995	0.673555	93.457031	-644.824219
433665.580995	0.671287	7.384161	0.114765
433666.661054	0.673383	283.398437	11.621094
433666.663057	0.671642	7.388060	0.313775
433667.673637	0.462222	83.496094	-682.128906
433667.675640	0.670471	83.496094	-682.128906
433667.677639	0.671199	7.383186	0.101334
433668.721670	0.360119	308.300781	10.546875
433668.723672	0.648799	308.300781	10.546875
433668.725674	0.671856	308.300781	10.546875
433668.727671	0.670061	7.370672	0.174163
433669.771737	0.605374	89.355469	-662.695312
433669.773739	0.672942	89.355469	-662.695312
433669.775738	0.671019	7.381210	0.086113
433670.820691	0.639654	300.585937	11.230469
433670.822691	0.671979	300.585937	11.230469
433670.824694	0.670126	7.371382	0.431345
433671.868710	0.581224	79.101562	-697.070312
433671.870712	0.672784	79.101562	-697.070312
433671.872713	0.670628	7.376903	0.078013
433672.916765	0.502982	289.355469	12.207031
433672.918767	0.673233	289.355469	12.207031
433672.920767	0.671676	7.388433	0.142431
433673.932768	0.536077	98.242187	-629.492187
433673.934769	0.540947	98.242187	-629.492187
433673.936770	0.671492	7.386412	0.137687
433675.012871	0.309181	287.304687	12.207031
433675.014875	0.627925	287.304687	12.207031
433675.016874	0.672199	287.304687	12.207031
433675.018874	0.670266	7.372924	0.131541
433676.028925	0.357895	91.992187	-653.613281
433676.030927	0.648178	91.992187	-653.613281
433676.032928	0.672027	91.992187	-653.613281
433676.034929	0.670292	7.373207	0.127160
433677.111009	0.492578	276.562500	13.281250
433677.113012	0.673491	276.562500	13.281250
433677.115019	0.672283	7.395115	0.114448
433678.126986	0.521891	86.230469	-675.097656
433678.128989	0.673452	86.230469	-675.097656
433678.130989	0.671505	7.386553	0.110258
433679.211017	0.672600	284.375000	13.183594
433679.213016	0.670657	7.377231	0.167560
433680.225575	0.666229	86.816406	-672.949219
433680.227576	0.672386	86.816406	-672.949219
433680.229577	0.670798	7.378781	0.098335
433681.271627	0.323846	301.562500	11.914062
433681.273628	0.634524	301.562500	11.914062
433681.275629	0.672020	301.562500	11.914062
433681.277627	0.670213	7.372347	0.180761
433682.321660	0.574078	76.660156	-704.980469
433682.323661	0.672634	76.660156	-704.980469
433682.325661	0.670450	7.374953	0.088959
433683.371704	0.672638	306.347656	11.621094
433683.373708	0.671336	7.384701	0.156824
433684.418263	0.493522	78.125000	-701.464844
433684.420264	0.672612	78.125000	-701.464844
433684.422265	0.671388	7.385268	0.064363
433685.466319	0.398428	286.328125	12.500000
433685.468320	0.660473	286.328125	12.500000
433685.470318	0.672156	286.328125	12.500000
433685.472319	0.670442	7.374865	0.142210
433686.482380	0.443291	98.632812	-628.906250
433686.484374	0.670094	98.632812	-628.906250
433686.486374	0.672915	98.632812	-628.906250
433686.488375	0.671385	7.385233	0.138727
433687.564404	0.557815	285.156250	12.500000
433687.566405	0.673607	285.156250	12.500000
433687.568406	0.671443	7.385871	0.128457
433688.580452	0.590296	92.968750	-651.562500
433688.582453	0.672463	92.968750	-651.562500
433688.584454	0.670275	7.373021	0.124798
433689.662590	0.658877	281.054687	13.085937
433689.664592	0.672061	281.054687	13.085937
433689.666592	0.670382	7.374200	0.114042
433690.676612	0.432650	92.968750	-650.292969
433690.678613	0.667453	92.968750	-650.292969
433690.680613	0.671939	92.968750	-650.292969
433690.682613	0.670305	7.373358	0.113695
433691.758697	0.557200	266.406250	13.378906
433691.760700	0.673346	266.406250	13.378906
433691.762700	0.671142	7.382565	0.098951
433692.775614	0.661428	91.699219	-656.933594
433692.777617	0.671338	91.699219	-656.933594
433692.779617	0.669554	7.365098	0.102176
433693.824196	0.661916	309.277344	13.183594
433693.826198	0.671513	309.277344	13.183594
433693.828198	0.669740	7.367136	0.168465
433694.872739	0.408025	85.742187	-679.492187
433694.874743	0.671842	85.742187	-679.492187
433694.876740	0.670184	7.372028	0.087672
433695.920733	0.618567	295.996094	14.843750
433695.922736	0.672477	295.996094	14.843750
433695.924735	0.670542	7.375963	0.250792
433696.972807	0.670782	78.906250	-705.664062
433696.974806	0.669401	7.363406	0.073608
433698.016862	0.472776	294.140625	16.113281
433698.018864	0.671348	294.140625	16.113281
433698.020864	0.671162	7.382778	0.150675
433699.035423	0.672738	108.105469	-609.082031
433699.037425	0.670648	7.377124	0.139825
433700.113988	0.465970	291.503906	16.894531
433700.115989	0.673634	291.503906	16.894531
433700.117989	0.674035	7.414391	0.126207
433701.130026	0.505800	104.589844	-624.316406
433701.132026	0.673093	104.589844	-624.316406
433701.134026	0.671517	7.386686	0.124539
433702.212053	0.603818	283.300781	18.164062
433702.214056	0.672858	283.300781	18.164062
433702.216057	0.670776	7.378533	0.119686
433703.228071	0.624456	100.488281	-636.718750
433703.230072	0.672094	100.488281	-636.718750
433703.232072	0.670102	7.371125	0.109397
433704.310639	0.673932	271.191406	18.750000
433704.312639	0.671903	271.191406	18.750000
433704.314640	0.670553	7.376079	0.102020
433705.327193	0.671966	88.183594	-678.320312
433705.329194	0.670016	7.370176	0.226280
433706.373203	0.552123	294.140625	18.261719
433706.375204	0.672854	294.140625	18.261719
433706.377205	0.670653	7.377178	0.172453
433707.423202	0.670013	85.351562	-685.644531
433707.425204	0.671084	7.381928	0.083460
433708.469233	0.355906	298.925781	17.578125
433708.471235	0.647045	298.925781	17.578125
433708.473234	0.671482	298.925781	17.578125
433708.475235	0.669591	7.365506	0.156927
433709.519828	0.648938	88.671875	-673.925781
433709.521829	0.672141	88.671875	-673.925781
433709.523829	0.670495	7.375440	0.078646
433710.566388	0.356582	277.929687	18.359375
433710.568388	0.647535	277.929687	18.359375
433710.574387	0.669108	277.929687	18.359375
433710.576388	0.668292	7.351211	0.145289
433711.582388	0.392292	101.074219	-629.003906
433711.584390	0.658749	101.074219	-629.003906
433711.586389	0.660421	101.074219	-629.003906
433711.588389	0.670065	7.370717	0.130056
433712.666453	0.673053	267.285156	18.457031
433712.668454	0.671093	7.382025	0.125746
433713.680467	0.553516	94.921875	-650.390625
433713.682467	0.673772	94.921875	-650.390625
433713.684468	0.671558	7.387139	0.115689
433714.760491	0.320050	277.539062	18.457031
433714.762494	0.632741	277.539062	18.457031
433714.764496	0.671784	277.539062	18.457031
433714.766493	0.669847	7.368315	0.114908
433715.777076	0.465036	98.828125	-637.109375
433715.779079	0.671423	98.828125	-637.109375
433715.781077	0.671871	7.390586	0.105644
433716.861659	0.672298	271.972656	18.359375
433716.863662	0.670462	7.375086	0.104724
433717.876620	0.673320	95.703125	-650.781250
433717.878623	0.671189	7.383080	0.094909
433718.923158	0.525270	288.281250	17.675781
433718.925162	0.673051	288.281250	17.675781
433718.927162	0.670941	7.380350	0.166707
433719.971210	0.433771	86.328125	-685.253906
433719.973212	0.667308	86.328125	-685.253906
433719.975213	0.671621	86.328125	-685.253906
433719.977213	0.670027	7.370300	0.085656
433721.019256	0.334445	296.679687	17.968750
433721.021256	0.638967	296.679687	17.968750
433721.023258	0.671620	296.679687	17.968750
433721.025258	0.669651	7.366161	0.161363
433722.071284	0.673181	87.109375	-684.570312
433722.073286	0.671077	7.381848	0.074369
433723.117897	0.586208	274.121094	19.042969
433723.119900	0.672981	274.121094	19.042969
433723.121899	0.670894	7.379836	0.134458
433724.165938	0.509022	79.394531	-707.812500
433724.167939	0.673251	79.394531	-707.812500
433724.169941	0.671652	7.388175	0.068061
433725.213979	0.413679	283.496094	18.945312
433725.215980	0.663617	283.496094	18.945312
433725.219978	0.669953	283.496094	18.945312
433725.221981	0.668855	7.357406	0.122288
433726.232960	0.672902	103.222656	-631.835937
433726.234962	0.670784	7.378622	0.120134
433727.313534	0.672514	278.906250	17.968750
433727.315537	0.671577	7.387352	0.104290
433728.327556	0.523737	93.066406	-662.402344
433728.329559	0.673580	93.066406	-662.402344
433728.331559	0.671591	7.387502	0.108080
433729.409606	0.617081	272.558594	16.796875
433729.411609	0.672632	272.558594	16.796875
433729.413608	0.670730	7.378028	0.095484
433730.426539	0.672390	94.921875	-651.660156
433730.428539	0.671047	7.381520	0.095686
433731.473112	0.493326	284.179687	15.527344
433731.475115	0.672387	284.179687	15.527344
433731.477113	0.671189	7.383080	0.161479
433732.521083	0.383658	79.394531	-696.386719
433732.523084	0.656075	79.394531	-696.386719
433732.525082	0.671509	79.394531	-696.386719
433732.527084	0.669809	7.367899	0.085161
433733.571114	0.613753	295.410156	14.257812
433733.573115	0.672148	295.410156	14.257812
433733.575117	0.670129	7.371417	0.152118
433734.619700	0.612277	76.855469	-701.562500
433734.621702	0.672710	76.855469	-701.562500
433734.623704	0.670780	7.378577	0.135696
433735.667726	0.541260	289.648437	14.257812
