crossing time (s)	slope (V/s)	crossing number
281474976710655.000000	3.260751	413855	433434427392.000000
281474976710655.000000	3.440825	413856	433435443200.000000
281474976710655.000000	3.275767	413857	433436524544.000000
281474976710655.000000	3.717896	413858	433437540352.000000
281474976710655.000000	3.146166	413859	433438621696.000000
281474976710655.000000	4.003346	413860	433439637504.000000
281474976710655.000000	2.775971	413861	433440718848.000000
281474976710655.000000	3.522742	413862	433441734656.000000
281474976710655.000000	3.104356	413863	433442783232.000000
281474976710655.000000	3.303324	413864	433443799040.000000
281474976710655.000000	3.349586	413865	433444880384.000000
281474976710655.000000	3.939734	413866	433445896192.000000
281474976710655.000000	2.761458	413867	433446977536.000000
281474976710655.000000	3.257214	413868	433447993344.000000
281474976710655.000000	2.934035	413869	433449074688.000000
281474976710655.000000	3.006132	413870	433450090496.000000
281474976710655.000000	3.532427	413871	433451171840.000000
281474976710655.000000	3.579903	413872	433452187648.000000
281474976710655.000000	3.004626	413873	433453268992.000000
281474976710655.000000	3.192245	413874	433454284800.000000
281474976710655.000000	3.531286	413875	433455366144.000000
281474976710655.000000	3.506849	413876	433456381952.000000
281474976710655.000000	3.302645	413877	433457463296.000000
281474976710655.000000	3.619023	413878	433458479104.000000
281474976710655.000000	3.222178	413879	433459527680.000000
281474976710655.000000	3.354832	413880	433460543488.000000
281474976710655.000000	3.544402	413881	433461624832.000000
281474976710655.000000	3.820073	413882	433462640640.000000
281474976710655.000000	3.291142	413883	433463721984.000000
281474976710655.000000	3.456403	413884	433464737792.000000
281474976710655.000000	3.603804	413885	433465819136.000000
281474976710655.000000	3.974348	413886	433466834944.000000
281474976710655.000000	2.984544	413887	433467916288.000000
281474976710655.000000	3.239830	413888	433468932096.000000
281474976710655.000000	3.570297	413889	433470013440.000000
281474976710655.000000	3.398362	413890	433471029248.000000
281474976710655.000000	3.559924	413891	433472077824.000000
281474976710655.000000	3.566379	413892	433473093632.000000
281474976710655.000000	3.862741	413893	433474174976.000000
281474976710655.000000	4.077945	413894	433475190784.000000
281474976710655.000000	3.318340	413895	433476272128.000000
281474976710655.000000	3.681249	413896	433477287936.000000
281474976710655.000000	3.419284	413897	433478369280.000000
281474976710655.000000	3.873507	413898	433479385088.000000
281474976710655.000000	3.536339	413899	433480466432.000000
281474976710655.000000	3.568968	413900	433481482240.000000
281474976710655.000000	3.673387	413901	433482563584.000000
281474976710655.000000	4.005800	413902	433483579392.000000
281474976710655.000000	3.213767	413903	433484627968.000000
281474976710655.000000	3.378795	413904	433485676544.000000
281474976710655.000000	3.626898	413905	433486725120.000000
281474976710655.000000	3.476506	413906	433487773696.000000
281474976710655.000000	3.885230	413907	433488822272.000000
281474976710655.000000	3.912275	413908	433489838080.000000
281474976710655.000000	3.626017	413909	433490919424.000000
281474976710655.000000	4.123093	413910	433491935232.000000
281474976710655.000000	3.797396	413911	433493016576.000000
281474976710655.000000	3.852536	413912	433494032384.000000
281474976710655.000000	3.618380	413913	433495113728.000000
281474976710655.000000	4.059643	413914	433496129536.000000
281474976710655.000000	3.492232	413915	433497210880.000000
281474976710655.000000	3.532085	413916	433498226688.000000
281474976710655.000000	3.886965	413917	433499308032.000000
281474976710655.000000	4.141468	413918	433500323840.000000
281474976710655.000000	3.578664	413919	433501372416.000000
281474976710655.000000	3.554980	413920	433502388224.000000
281474976710655.000000	3.980748	413921	433503469568.000000
281474976710655.000000	4.124618	413922	433504485376.000000
281474976710655.000000	3.696947	413923	433505566720.000000
281474976710655.000000	4.103388	413924	433506582528.000000
281474976710655.000000	3.867224	413925	433507663872.000000
281474976710655.000000	4.149148	413926	433508679680.000000
281474976710655.000000	3.910509	413927	433509761024.000000
281474976710655.000000	4.659245	413928	433510776832.000000
281474976710655.000000	3.334054	413929	433511858176.000000
281474976710655.000000	4.245621	413930	433512873984.000000
281474976710655.000000	3.577950	413931	433513922560.000000
281474976710655.000000	3.704000	413932	433514971136.000000
281474976710655.000000	3.931309	413933	433516019712.000000
281474976710655.000000	4.375029	413934	433517035520.000000
281474976710655.000000	3.517891	413935	433518116864.000000
281474976710655.000000	3.939431	413936	433519132672.000000
281474976710655.000000	4.048315	413937	433520214016.000000
281474976710655.000000	4.077462	413938	433521229824.000000
281474976710655.000000	3.926059	413939	433522311168.000000
281474976710655.000000	4.212054	413940	433523326976.000000
281474976710655.000000	3.784188	413941	433524408320.000000
281474976710655.000000	4.087224	413942	433525424128.000000
281474976710655.000000	3.956565	413943	433526472704.000000
281474976710655.000000	4.068281	413944	433527521280.000000
281474976710655.000000	3.774009	413945	433528569856.000000
281474976710655.000000	4.319388	413946	433529585664.000000
281474976710655.000000	3.734631	413947	433530667008.000000
281474976710655.000000	4.011231	413948	433531682816.000000
281474976710655.000000	3.959269	413949	433532764160.000000
281474976710655.000000	4.160846	413950	433533779968.000000
281474976710655.000000	3.741772	413951	433534861312.000000
281474976710655.000000	4.027740	413952	433535877120.000000
281474976710655.000000	3.970650	413953	433536958464.000000
281474976710655.000000	4.072449	413954	433537974272.000000
281474976710655.000000	3.878269	413955	433539055616.000000
281474976710655.000000	4.034378	413956	433540071424.000000
281474976710655.000000	3.836895	413957	433541120000.000000
281474976710655.000000	4.081950	413958	433542168576.000000
281474976710655.000000	4.123436	413959	433543217152.000000
281474976710655.000000	4.185739	413960	433544232960.000000
281474976710655.000000	3.798724	413961	433545314304.000000
281474976710655.000000	4.355832	413962	433546330112.000000
281474976710655.000000	3.903799	413963	433547411456.000000
281474976710655.000000	4.303262	413964	433548427264.000000
281474976710655.000000	3.973284	413965	433549508608.000000
281474976710655.000000	4.238303	413966	433550524416.000000
281474976710655.000000	4.124407	413967	433551605760.000000
281474976710655.000000	4.394217	413968	433552621568.000000
281474976710655.000000	3.982663	413969	433553670144.000000
281474976710655.000000	4.190387	413970	433554718720.000000
281474976710655.000000	3.967891	413971	433555767296.000000
281474976710655.000000	4.119800	413972	433556783104.000000
281474976710655.000000	4.133509	413973	433557864448.000000
281474976710655.000000	4.373288	413974	433558880256.000000
281474976710655.000000	3.875101	413975	433559961600.000000
281474976710655.000000	4.435183	413976	433560977408.000000
281474976710655.000000	3.949263	413977	433562058752.000000
281474976710655.000000	4.241591	413978	433563074560.000000
281474976710655.000000	4.182411	413979	433564155904.000000
281474976710655.000000	4.099251	413980	433565171712.000000
281474976710655.000000	4.255242	413981	433566220288.000000
281474976710655.000000	4.363126	413982	433567268864.000000
281474976710655.000000	3.925254	413983	433568317440.000000
281474976710655.000000	4.404187	413984	433569366016.000000
281474976710655.000000	4.065688	413985	433570414592.000000
281474976710655.000000	4.416198	413986	433571430400.000000
281474976710655.000000	4.179677	413987	433572511744.000000
281474976710655.000000	4.400560	413988	433573527552.000000
281474976710655.000000	4.203373	413989	433574608896.000000
281474976710655.000000	4.395724	413990	433575624704.000000
281474976710655.000000	4.229382	413991	433576706048.000000
281474976710655.000000	4.618327	413992	433577721856.000000
281474976710655.000000	3.998771	413993	433578770432.000000
281474976710655.000000	4.559568	413994	433579819008.000000
281474976710655.000000	3.937760	413995	433580867584.000000
281474976710655.000000	4.252889	413996	433581916160.000000
281474976710655.000000	3.971241	413997	433582964736.000000
281474976710655.000000	4.163192	413998	433583980544.000000
281474976710655.000000	4.283861	413999	433585061888.000000
281474976710655.000000	4.294048	414000	433586077696.000000
281474976710655.000000	4.283642	414001	433587159040.000000
281474976710655.000000	4.461189	414002	433588174848.000000
281474976710655.000000	4.189071	414003	433589256192.000000
281474976710655.000000	4.534528	414004	433590272000.000000
281474976710655.000000	4.270432	414005	433591320576.000000
281474976710655.000000	4.413626	414006	433592369152.000000
281474976710655.000000	4.103171	414007	433593417728.000000
281474976710655.000000	4.602252	414008	433594466304.000000
281474976710655.000000	4.130799	414009	433595514880.000000
281474976710655.000000	4.565376	414010	433596530688.000000
281474976710655.000000	4.270234	414011	433597612032.000000
281474976710655.000000	4.406678	414012	433598627840.000000
281474976710655.000000	4.093410	414013	433599709184.000000
281474976710655.000000	4.373544	414014	433600724992.000000
281474976710655.000000	4.234169	414015	433601806336.000000
281474976710655.000000	4.458290	414016	433602822144.000000
281474976710655.000000	4.211638	414017	433603903488.000000
281474976710655.000000	4.408721	414018	433604919296.000000
281474976710655.000000	4.323822	414019	433605967872.000000
281474976710655.000000	4.394377	414020	433607016448.000000
281474976710655.000000	4.372925	414021	433608065024.000000
281474976710655.000000	4.491567	414022	433609080832.000000
281474976710655.000000	4.160661	414023	433610162176.000000
281474976710655.000000	4.431309	414024	433611177984.000000
281474976710655.000000	4.193565	414025	433612259328.000000
281474976710655.000000	4.504111	414026	433613275136.000000
281474976710655.000000	4.235858	414027	433614356480.000000
281474976710655.000000	4.527435	414028	433615372288.000000
281474976710655.000000	4.433425	414029	433616453632.000000
281474976710655.000000	4.447433	414030	433617469440.000000
281474976710655.000000	4.394060	414031	433618518016.000000
281474976710655.000000	4.496092	414032	433619566592.000000
281474976710655.000000	4.203238	414033	433620615168.000000
281474976710655.000000	4.507446	414034	433621663744.000000
281474976710655.000000	4.292540	414035	433622712320.000000
281474976710655.000000	4.609484	414036	433623728128.000000
281474976710655.000000	4.371212	414037	433624809472.000000
281474976710655.000000	4.750252	414038	433625825280.000000
281474976710655.000000	4.302592	414039	433626906624.000000
281474976710655.000000	4.664517	414040	433627922432.000000
281474976710655.000000	4.157269	414041	433628971008.000000
281474976710655.000000	4.264886	414042	433630019584.000000
281474976710655.000000	4.492668	414043	433631068160.000000
281474976710655.000000	4.498795	414044	433632116736.000000
281474976710655.000000	4.506043	414045	433633165312.000000
281474976710655.000000	4.607769	414046	433634213888.000000
281474976710655.000000	4.312311	414047	433635262464.000000
281474976710655.000000	4.885633	414048	433636278272.000000
281474976710655.000000	4.179327	414049	433637359616.000000
281474976710655.000000	4.468393	414050	433638375424.000000
281474976710655.000000	4.571266	414051	433639456768.000000
281474976710655.000000	4.548251	414052	433640472576.000000
281474976710655.000000	4.341523	414053	433641553920.000000
281474976710655.000000	4.729244	414054	433642569728.000000
281474976710655.000000	4.349226	414055	433643618304.000000
281474976710655.000000	4.693166	414056	433644666880.000000
281474976710655.000000	4.258712	414057	433645715456.000000
281474976710655.000000	4.750469	414058	433646764032.000000
281474976710655.000000	4.319862	414059	433647812608.000000
281474976710655.000000	4.504021	414060	433648828416.000000
281474976710655.000000	4.534223	414061	433649909760.000000
281474976710655.000000	4.588989	414062	433650925568.000000
281474976710655.000000	4.345349	414063	433652006912.000000
281474976710655.000000	4.698649	414064	433653022720.000000
281474976710655.000000	4.597532	414065	433654104064.000000
281474976710655.000000	4.673709	414066	433655119872.000000
281474976710655.000000	4.308304	414067	433656168448.000000
281474976710655.000000	4.830881	414068	433657217024.000000
281474976710655.000000	4.266687	414069	433658265600.000000
281474976710655.000000	4.768611	414070	433659314176.000000
281474976710655.000000	4.343040	414071	433660362752.000000
281474976710655.000000	4.839002	414072	433661378560.000000
281474976710655.000000	4.241300	414073	433662459904.000000
281474976710655.000000	4.776495	414074	433663475712.000000
281474976710655.000000	4.436682	414075	433664557056.000000
281474976710655.000000	4.687696	414076	433665572864.000000
281474976710655.000000	4.432631	414077	433666654208.000000
281474976710655.000000	4.939206	414078	433667670016.000000
281474976710655.000000	4.361562	414079	433668718592.000000
281474976710655.000000	4.644056	414080	433669767168.000000
281474976710655.000000	4.409179	414081	433670815744.000000
281474976710655.000000	4.535120	414082	433671864320.000000
281474976710655.000000	4.405511	414083	433672912896.000000
281474976710655.000000	4.495649	414084	433673928704.000000
281474976710655.000000	4.542653	414085	433675010048.000000
281474976710655.000000	4.603798	414086	433676025856.000000
281474976710655.000000	4.575878	414087	433677107200.000000
281474976710655.000000	4.843459	414088	433678123008.000000
281474976710655.000000	4.448890	414089	433679204352.000000
281474976710655.000000	4.824361	414090	433680220160.000000
281474976710655.000000	4.375608	414091	433681268736.000000
281474976710655.000000	4.761843	414092	433682317312.000000
281474976710655.000000	4.379189	414093	433683365888.000000
281474976710655.000000	4.739468	414094	433684414464.000000
281474976710655.000000	4.517846	414095	433685463040.000000
281474976710655.000000	4.654285	414096	433686478848.000000
281474976710655.000000	4.614424	414097	433687560192.000000
281474976710655.000000	4.936663	414098	433688576000.000000
281474976710655.000000	4.463006	414099	433689657344.000000
281474976710655.000000	4.887922	414100	433690673152.000000
281474976710655.000000	4.405934	414101	433691754496.000000
281474976710655.000000	5.054056	414102	433692770304.000000
281474976710655.000000	4.388760	414103	433693818880.000000
281474976710655.000000	4.536396	414104	433694867456.000000
281474976710655.000000	4.553415	414105	433695916032.000000
281474976710655.000000	4.670647	414106	433696964608.000000
281474976710655.000000	4.618208	414107	433698013184.000000
281474976710655.000000	5.010500	414108	433699028992.000000
281474976710655.000000	4.352063	414109	433700110336.000000
281474976710655.000000	5.267824	414110	433701126144.000000
281474976710655.000000	4.160820	414111	433702207488.000000
281474976710655.000000	4.718577	414112	433703223296.000000
281474976710655.000000	4.638964	414113	433704304640.000000
281474976710655.000000	4.422431	414114	433705320448.000000
281474976710655.000000	4.701969	414115	433706369024.000000
281474976710655.000000	4.670177	414116	433707417600.000000
281474976710655.000000	4.621227	414117	433708466176.000000
281474976710655.000000	5.144454	414118	433709514752.000000
281474976710655.000000	4.385789	414119	433710563328.000000
281474976710655.000000	5.054103	414120	433711579136.000000
281474976710655.000000	4.338865	414121	433712660480.000000
281474976710655.000000	4.790897	414122	433713676288.000000
281474976710655.000000	4.526258	414123	433714757632.000000
281474976710655.000000	4.707990	414124	433715773440.000000
281474976710655.000000	4.849541	414125	433716854784.000000
281474976710655.000000	4.691503	414126	433717870592.000000
281474976710655.000000	4.646889	414127	433718919168.000000
281474976710655.000000	4.725471	414128	433719967744.000000
281474976710655.000000	4.401678	414129	433721016320.000000
281474976710655.000000	4.886316	414130	433722064896.000000
281474976710655.000000	4.440099	414131	433723113472.000000
281474976710655.000000	5.020950	414132	433724162048.000000
281474976710655.000000	4.416284	414133	433725210624.000000
281474976710655.000000	4.964830	414134	433726226432.000000
281474976710655.000000	4.585187	414135	433727307776.000000
281474976710655.000000	4.930111	414136	433728323584.000000
281474976710655.000000	4.586064	414137	433729404928.000000
281474976710655.000000	4.703670	414138	433730420736.000000
281474976710655.000000	4.512251	414139	433731469312.000000
281474976710655.000000	4.890515	414140	433732517888.000000
281474976710655.000000	4.641665	414141	433733566464.000000
281474976710655.000000	4.798031	414142	433734615040.000000
281474976710655.000000	4.791027	414143	433735663616.000000
