time (s)	energy (uJ)	charge (mC)	voltage (mV)	crossing#mod 255
429040.635389	15.274976	0.002382	6.413954	80
429041.719442	13.011278	0.002354	5.526544	81
429042.700363	15.754910	0.002364	6.664108	82
429043.780275	13.346480	0.002357	5.663081	83
429044.798456	15.472776	0.002355	6.571053	84
429045.879027	14.187709	0.002373	5.979104	85
429046.895018	15.768444	0.002363	6.673535	86
429047.975094	13.727232	0.002361	5.814188	87
429048.993675	15.697396	0.002358	6.656323	88
429050.072649	13.963990	0.002383	5.859176	89
429051.088640	15.513149	0.002365	6.559978	90
429052.172619	13.284131	0.002352	5.647733	91
429053.185147	15.374990	0.002377	6.469575	92
429054.267210	13.226051	0.002366	5.589784	93
429055.249785	15.814038	0.002364	6.689971	94
429056.331820	14.260519	0.002367	6.024932	95
429057.346232	16.400084	0.002359	6.951130	96
429058.428339	14.432199	0.002382	6.059102	97
429059.444363	16.556206	0.002377	6.965731	98
429060.526437	14.079075	0.002369	5.942978	99
429061.540390	16.587723	0.002363	7.019007	100
429062.622485	13.992441	0.002368	5.909725	101
429063.638541	16.241344	0.002380	6.823463	102
429064.721127	23.770056	0.002377	9.999562	103
429065.734609	15.841507	0.002357	6.721474	104
429066.785208	14.617816	0.002373	6.159858	105
429067.835205	15.507942	0.002356	6.582122	106
429068.881814	15.336254	0.002381	6.440954	107
429069.897856	16.809158	0.002372	7.085657	108
429070.979951	15.027830	0.002368	6.345075	109
429071.995968	16.833160	0.002375	7.087831	110
429073.078500	14.587426	0.002360	6.180171	111
429074.092528	16.605993	0.002360	7.035999	112
429075.174587	14.480144	0.002355	6.148524	113
429076.188618	16.525578	0.002365	6.987994	114
429077.272693	13.829631	0.002360	5.859715	115
429078.253247	17.200916	0.002379	7.229891	116
429079.336246	15.579673	0.002371	6.569839	117
429080.352230	17.833941	0.002372	7.517752	118
429081.432299	15.524082	0.002361	6.576036	119
429082.450396	17.408953	0.002349	7.410162	120
429083.530965	15.263958	0.002357	6.475400	121
429084.543717	17.614025	0.002367	7.442871	122
429085.626454	15.180509	0.002356	6.444068	123
429086.644526	16.923357	0.002362	7.165113	124
429087.726528	14.761992	0.002365	6.242386	125
429088.741087	16.631590	0.002353	7.068131	126
429089.787647	16.053595	0.002360	6.803429	127
429090.803649	17.762226	0.002365	7.509994	128
429091.885657	16.403320	0.002379	6.896162	129
429092.902194	18.150047	0.002362	7.682978	130
429093.982256	16.919947	0.002404	7.036853	131
429094.998281	18.408310	0.002355	7.816463	132
429096.077931	16.121181	0.002370	6.803452	133
429097.094908	18.355282	0.002381	7.707630	134
429098.176943	15.428505	0.002359	6.539673	135
429099.193551	17.353575	0.002372	7.317006	136
429100.276104	14.911044	0.002355	6.331540	137
429101.288630	16.985970	0.002390	7.107826	138
429102.339189	16.956572	0.002365	7.169733	139
429103.353234	18.838415	0.002364	7.968656	140
429104.435273	16.291248	0.002363	6.893711	141
429105.450243	18.610199	0.002370	7.853808	142
429106.534256	15.885661	0.002361	6.729177	143
429107.548320	18.072697	0.002372	7.618938	144
429108.628237	16.315102	0.002376	6.866313	145
429109.645376	17.874489	0.002356	7.586541	146
429110.727437	16.137369	0.002372	6.804686	147
429111.743453	39.830311	0.002355	16.910744	148
429112.824030	15.247183	0.002358	6.466703	149
429113.840051	17.128771	0.002361	7.255921	150
429114.888147	17.253073	0.002374	7.268926	151
429115.905088	19.325394	0.002366	8.166811	152
429116.985686	16.704191	0.002370	7.048467	153
429118.001697	18.862078	0.002353	8.015385	154
429119.083760	16.856726	0.002355	7.156855	155
429120.098337	18.998024	0.002372	8.008131	156
429121.180374	16.475784	0.002373	6.942509	157
429122.194955	18.839588	0.002373	7.939242	158
429123.279021	15.812389	0.002356	6.712249	159
429124.293070	17.765762	0.002363	7.519096	160
429125.375103	15.842885	0.002377	6.665738	161
429126.392085	17.018209	0.002358	7.217297	162
429127.439041	17.351097	0.002360	7.353249	163
429128.455098	19.371998	0.002377	8.149240	164
429129.537644	17.647137	0.002353	7.500002	165
429130.551667	19.966198	0.002363	8.449954	166
429131.631678	16.123646	0.002362	6.826347	167
429132.647693	19.020050	0.002362	8.053246	168
429133.728498	17.093241	0.002357	7.253070	169
429134.746704	18.837385	0.002373	7.939410	170
429135.828764	16.122322	0.002362	6.824533	171
429136.847306	17.631414	0.002351	7.498037	172
429137.893876	17.973579	0.002363	7.606081	173
429138.939852	17.696768	0.002359	7.501431	174
429139.989910	17.641733	0.002367	7.454328	175
429141.009944	19.867760	0.002353	8.442492	176
429142.084334	17.676397	0.002360	7.490038	177
429143.100454	20.268744	0.002380	8.517776	178
429144.183049	17.609222	0.002405	7.321764	179
429145.199067	19.285765	0.002360	8.171487	180
429146.279171	17.320612	0.002379	7.280663	181
429147.295704	19.357246	0.002379	8.137787	182
429148.345700	18.307144	0.002359	7.759346	183
429149.391572	18.623016	0.002355	7.908048	184
429150.441764	18.728827	0.002354	7.954805	185
429151.457823	21.074911	0.002372	8.883624	186
429152.539846	18.015686	0.002363	7.625330	187
429153.553931	20.567261	0.002363	8.704494	188
429154.637933	17.949421	0.002360	7.604642	189
429155.651967	20.156555	0.002356	8.554644	190
429156.734024	17.676174	0.002371	7.456204	191
429157.748970	20.159729	0.002362	8.536821	192
429158.831559	16.991024	0.002375	7.154035	193
429159.845647	19.726295	0.002376	8.302616	194
429160.893708	19.021721	0.002363	8.050510	195
429161.943742	18.681953	0.002360	7.915856	196
429162.991754	19.097357	0.002366	8.070867	197
429164.007813	21.156347	0.002378	8.897511	198
429165.090399	18.971893	0.002373	7.995923	199
429166.104427	21.247452	0.002362	8.994694	200
429167.186453	20.964018	0.002354	8.905008	201
429168.202464	20.707840	0.002358	8.781249	202
429169.282527	17.932816	0.002362	7.593216	203
429170.300567	20.008211	0.002354	8.498878	204
429171.380556	17.200949	0.002357	7.298581	205
429172.394527	19.593298	0.002353	8.325299	206
429173.446681	19.591763	0.002345	8.355387	207
429174.492702	18.692209	0.002375	7.871313	208
429175.541243	19.499836	0.002376	8.207731	209
429176.557284	21.882381	0.002369	9.238765	210
429177.641352	18.600847	0.002353	7.905953	211
429178.655366	21.284550	0.002376	8.959475	212
429179.737876	18.193092	0.002360	7.710485	213
429180.754897	20.441273	0.002371	8.620039	214
429181.833475	18.240507	0.002358	7.736565	215
429182.849569	20.557140	0.002363	8.699918	216
429183.898111	20.324701	0.002358	8.618422	217
429184.948137	19.367575	0.002354	8.228768	218
429185.994151	20.102724	0.002367	8.491682	219
429187.041946	18.940456	0.002355	8.041816	220
429188.092183	19.582388	0.002365	8.281589	221
429189.110213	21.705416	0.002352	9.228205	222
429190.188830	19.542696	0.002378	8.218474	223
429191.204848	21.790295	0.002362	9.223665	224
429192.304034	17.183128	0.002357	7.288772	225
429193.300722	21.609781	0.002362	9.148079	226
429194.384967	18.240160	0.002366	7.707880	227
429195.398964	20.719515	0.002377	8.714900	228
429196.481044	17.470703	0.002356	7.415969	229
429197.495606	20.069683	0.002365	8.486429	230
429198.543665	20.156399	0.002366	8.517862	231
429199.593705	18.733242	0.002359	7.942719	232
429200.643746	20.262138	0.002358	8.592118	233
429201.659771	22.373510	0.002372	9.431828	234
429202.737761	19.453108	0.002359	8.246325	235
429203.753688	22.032228	0.002355	9.356576	236
429204.835896	18.997784	0.002370	8.016296	237
429205.851884	21.630457	0.002371	9.122299	238
429206.933904	18.252380	0.002361	7.732184	239
429207.951924	20.159271	0.002346	8.591537	240
429209.001977	20.791765	0.002357	8.822343	241
429210.046069	19.888592	0.002383	8.345772	242
429211.098061	20.307053	0.002352	8.633974	243
429212.142646	19.860710	0.002368	8.385873	244
429213.191579	20.228151	0.002368	8.543386	245
429214.207641	23.367441	0.002358	9.909884	246
429215.288047	19.430876	0.002359	8.236560	247
429216.304216	22.006454	0.002375	9.266324	248
429217.386239	19.311249	0.002399	8.048551	249
429218.404261	21.861752	0.002414	9.055027	250
429219.484357	18.063347	0.002370	7.620719	251
429220.500896	20.460554	0.002363	8.660503	252
429221.547439	21.172333	0.002361	8.966997	253
429222.597497	19.125393	0.002364	8.091565	254
429223.645575	20.998943	0.002381	8.820924	255
429224.693556	18.906273	0.002366	7.989274	0
429225.744077	19.806053	0.002374	8.344496	1
429226.758190	23.133392	0.002384	9.703983	2
429227.840280	19.490231	0.002361	8.254122	3
429228.856820	22.530939	0.002378	9.474689	4
429229.936875	18.738060	0.002355	7.955702	5
429230.954881	21.016768	0.002355	8.923351	6
429232.032903	18.656311	0.002366	7.884917	7
429233.050901	20.482885	0.002352	8.707717	8
429234.097428	21.452818	0.002386	8.989326	9
429235.146032	19.981842	0.002374	8.415950	10
429236.196107	21.161306	0.002357	8.978268	11
429237.210158	24.031925	0.002364	10.164714	12
429238.292216	20.279924	0.002359	8.595719	13
429239.310252	22.791561	0.002357	9.669366	14
429240.390835	19.648598	0.002360	8.325972	15
429241.405327	22.530130	0.002361	9.542882	16
429242.485312	19.654072	0.002373	8.284084	17
429243.501934	22.183081	0.002370	9.358858	18
429244.584451	17.953499	0.002359	7.611285	19
429245.600497	20.781422	0.002361	8.803057	20
429246.650549	22.361313	0.002353	9.504378	21
429247.696571	20.071184	0.002370	8.469924	22
429248.744591	21.069670	0.002368	8.895803	23
429249.794630	18.792418	0.002372	7.921109	24
429250.842690	20.804369	0.002360	8.814630	25
429251.858729	23.124010	0.002356	9.813988	26
429252.938767	20.363590	0.002363	8.617619	27
429253.954838	23.054398	0.002376	9.704580	28
429255.038805	18.866627	0.002359	7.998822	29
429256.055335	21.213842	0.002351	9.022745	30
429257.099802	22.074568	0.002355	9.371593	31
429258.151881	19.949226	0.002368	8.423594	32
429259.199883	21.933414	0.002368	9.261316	33
429260.247913	19.313934	0.002353	8.209378	34
429261.296455	21.162851	0.002359	8.972512	35
429262.312498	23.581322	0.002355	10.013459	36
429263.393499	20.899261	0.002375	8.800608	37
429264.407244	23.750336	0.002358	10.070675	38
429265.489601	19.873407	0.002377	8.360636	39
429266.505613	22.686632	0.002384	9.516966	40
429267.586615	19.407963	0.002379	8.157649	41
429268.603586	21.241699	0.002355	9.021163	42
429269.652109	22.226229	0.002362	9.408616	43
429270.702173	20.037485	0.002358	8.496631	44
429271.748196	22.361267	0.002376	9.411863	45
429272.796257	19.405184	0.002378	8.160555	46
429273.846283	21.346373	0.002358	9.054233	47
429274.860837	24.198553	0.002370	10.208825	48
429275.943408	20.662466	0.002363	8.745641	49
429276.960384	23.287149	0.002353	9.898378	50
429278.042418	19.587170	0.002354	8.321880	51
429279.056424	22.714052	0.002360	9.625299	52
429280.138450	18.699417	0.002379	7.861117	53
429281.152430	22.161289	0.002378	9.318134	54
429282.202498	22.591295	0.002371	9.528658	55
429283.252539	20.025623	0.002361	8.480098	56
429284.298510	21.945942	0.002369	9.262897	57
429285.348532	19.252468	0.002358	8.164031	58
429286.395551	21.994604	0.002384	9.226491	59
429287.412109	24.483879	0.002359	10.380662	60
429288.492141	21.682705	0.002367	9.161832	61
429289.508156	24.282618	0.002370	10.243946	62
429290.590173	19.821793	0.002359	8.403053	63
429291.607560	22.471413	0.002353	9.549844	64
429292.686729	18.739222	0.002368	7.912697	65
429293.705324	20.994560	0.002353	8.922853	66
429294.752276	25.323736	0.002354	10.755577	67
429295.802322	19.798347	0.002354	8.409607	68
429296.848348	22.902876	0.002365	9.685965	69
429297.898350	18.941238	0.002359	8.029187	70
429298.948399	21.296072	0.002380	8.946236	71
429299.962440	24.177849	0.002363	10.233953	72
429301.043404	20.543167	0.002357	8.714990	73
429302.059426	23.372107	0.002360	9.901740	74
429303.139942	19.669306	0.002380	8.264081	75
429304.157908	22.095320	0.002364	9.345277	76
429305.241934	17.789257	0.002350	7.570298	77
429306.253942	21.457943	0.002374	9.037789	78
429307.301976	22.925564	0.002356	9.731449	79
429308.352005	19.580599	0.002357	8.306297	80
429309.400090	22.366049	0.002361	9.473703	81
429310.448137	18.773361	0.002358	7.962960	82
429311.496234	21.758888	0.002381	9.136884	83
429312.512288	24.287991	0.002359	10.295172	84
429313.596329	20.231749	0.002364	8.559449	85
429314.608868	24.032129	0.002371	10.134181	86
429315.690930	20.078604	0.002365	8.489851	87
429316.705472	23.092215	0.002370	9.742778	88
429317.789522	17.909546	0.002362	7.582709	89
429318.804062	21.286442	0.002355	9.040198	90
429319.851030	23.389328	0.002361	9.908441	91
429320.901099	19.769157	0.002356	8.392375	92
429321.951116	22.559883	0.002356	9.575397	93
429322.999642	17.657839	0.002360	7.482119	94
429324.046213	22.210108	0.002374	9.356197	95
429325.062298	24.444176	0.002370	10.312756	96
429326.142146	20.997028	0.002360	8.898564	97
429327.160379	23.058886	0.002352	9.802091	98
429328.242909	19.001949	0.002359	8.053985	99
429329.256939	21.870359	0.002357	9.277846	100
429330.337428	18.817530	0.002377	7.915136	101
429331.353478	20.715616	0.002366	8.756968	102
429332.401535	23.207291	0.002368	9.801041	103
429333.451539	19.027174	0.002376	8.009050	104
429334.501561	22.041737	0.002351	9.374867	105
429335.547625	18.251778	0.002382	7.663881	106
429336.597650	21.356522	0.002384	8.956858	107
429337.612199	24.161972	0.002374	10.176803	108
429338.694721	19.704004	0.002364	8.333334	109
429339.709299	22.830210	0.002369	9.638398	110
429340.789293	20.480501	0.002360	8.677964	111
429341.807378	21.448744	0.002368	9.056327	112
429342.855495	24.168005	0.002376	10.171598	113
429343.903512	20.584509	0.002372	8.676356	114
