crossing time (s)	slope (V/s)	crossing number
281474976710655.000000	2.131164	2223	2378256896.000000
281474976710655.000000	2.181573	2224	2379256064.000000
281474976710655.000000	2.203726	2225	2380346368.000000
281474976710655.000000	2.205103	2226	2381342464.000000
281474976710655.000000	2.224232	2227	2382434816.000000
281474976710655.000000	2.256945	2228	2383429376.000000
281474976710655.000000	2.252600	2229	2384525568.000000
281474976710655.000000	2.326612	2230	2385518336.000000
281474976710655.000000	2.322411	2231	2386614016.000000
281474976710655.000000	2.338939	2232	2387606528.000000
281474976710655.000000	2.350058	2233	2388702720.000000
281474976710655.000000	2.377221	2234	2389694976.000000
281474976710655.000000	2.363640	2235	2390790912.000000
281474976710655.000000	2.416571	2236	2391784960.000000
281474976710655.000000	2.410528	2237	2392879616.000000
281474976710655.000000	2.468576	2238	2393874432.000000
281474976710655.000000	2.454391	2239	2394966528.000000
281474976710655.000000	2.498172	2240	2395963392.000000
281474976710655.000000	2.475134	2241	2397054720.000000
281474976710655.000000	2.510208	2242	2398053120.000000
281474976710655.000000	2.499360	2243	2399141120.000000
281474976710655.000000	2.545792	2244	2400142848.000000
281474976710655.000000	2.542274	2245	2401227776.000000
281474976710655.000000	2.609738	2246	2402231808.000000
281474976710655.000000	2.580668	2247	2403314432.000000
281474976710655.000000	2.595223	2248	2404323072.000000
281474976710655.000000	2.572867	2249	2405400064.000000
281474976710655.000000	2.626067	2250	2406413056.000000
281474976710655.000000	2.599834	2251	2407485952.000000
281474976710655.000000	2.659731	2252	2408502784.000000
281474976710655.000000	2.638272	2253	2409572608.000000
281474976710655.000000	2.683740	2254	2410592256.000000
281474976710655.000000	2.654386	2255	2411659264.000000
281474976710655.000000	2.712238	2256	2412680448.000000
281474976710655.000000	2.694681	2257	2413746432.000000
281474976710655.000000	2.750954	2258	2414768384.000000
281474976710655.000000	2.718227	2259	2415834368.000000
281474976710655.000000	2.772757	2260	2416856064.000000
281474976710655.000000	2.744515	2261	2417921536.000000
281474976710655.000000	2.789606	2262	2418942720.000000
281474976710655.000000	2.770625	2263	2420010752.000000
281474976710655.000000	2.823908	2264	2421031168.000000
281474976710655.000000	2.804253	2265	2422098688.000000
281474976710655.000000	2.851587	2266	2423117312.000000
281474976710655.000000	2.821409	2267	2424187136.000000
281474976710655.000000	2.879153	2268	2425205248.000000
281474976710655.000000	2.829581	2269	2426275072.000000
281474976710655.000000	2.896874	2270	2427291648.000000
281474976710655.000000	2.860852	2271	2428363264.000000
281474976710655.000000	2.907974	2272	2429380096.000000
281474976710655.000000	2.880651	2273	2430450176.000000
281474976710655.000000	2.942472	2274	2431467520.000000
281474976710655.000000	2.902021	2275	2432538112.000000
281474976710655.000000	2.943305	2276	2433555968.000000
281474976710655.000000	2.921372	2277	2434624000.000000
281474976710655.000000	2.981071	2278	2435643648.000000
281474976710655.000000	2.936307	2279	2436710912.000000
281474976710655.000000	3.002696	2280	2437732096.000000
281474976710655.000000	2.960100	2281	2438797568.000000
281474976710655.000000	3.012156	2282	2439820032.000000
281474976710655.000000	2.968892	2283	2440884736.000000
281474976710655.000000	3.043897	2284	2441908480.000000
281474976710655.000000	2.986707	2285	2442971904.000000
281474976710655.000000	3.055678	2286	2443994880.000000
281474976710655.000000	2.994951	2287	2445058816.000000
281474976710655.000000	3.086215	2288	2446082816.000000
281474976710655.000000	3.009167	2289	2447147264.000000
281474976710655.000000	3.113333	2290	2448169728.000000
281474976710655.000000	3.027697	2291	2449234688.000000
281474976710655.000000	3.125276	2292	2450255616.000000
281474976710655.000000	3.034833	2293	2451323136.000000
281474976710655.000000	3.141407	2294	2452342272.000000
281474976710655.000000	3.053202	2295	2453411328.000000
281474976710655.000000	3.163071	2296	2454428160.000000
281474976710655.000000	3.062300	2297	2455499520.000000
281474976710655.000000	3.186343	2298	2456514304.000000
281474976710655.000000	3.082961	2299	2457587968.000000
281474976710655.000000	3.218037	2300	2458600192.000000
281474976710655.000000	3.089283	2301	2459675904.000000
281474976710655.000000	3.229536	2302	2460687104.000000
281474976710655.000000	3.104670	2303	2461763584.000000
281474976710655.000000	3.257691	2304	2462773248.000000
281474976710655.000000	3.113493	2305	2463851520.000000
281474976710655.000000	3.262489	2306	2464860160.000000
281474976710655.000000	3.134700	2307	2465938688.000000
281474976710655.000000	3.292620	2308	2466947072.000000
281474976710655.000000	3.147084	2309	2468025600.000000
281474976710655.000000	3.286272	2310	2469034240.000000
281474976710655.000000	3.157079	2311	2470112000.000000
281474976710655.000000	3.319517	2312	2471121408.000000
281474976710655.000000	3.160377	2313	2472198912.000000
281474976710655.000000	3.325414	2314	2473209600.000000
281474976710655.000000	3.187142	2315	2474284800.000000
281474976710655.000000	3.331934	2316	2475296512.000000
281474976710655.000000	3.198186	2317	2476370688.000000
281474976710655.000000	3.351351	2318	2477384704.000000
281474976710655.000000	3.208232	2319	2478457088.000000
281474976710655.000000	3.355584	2320	2479472896.000000
281474976710655.000000	3.237600	2321	2480542720.000000
281474976710655.000000	3.363547	2322	2481560576.000000
281474976710655.000000	3.236914	2323	2482627584.000000
281474976710655.000000	3.369077	2324	2483649024.000000
281474976710655.000000	3.254193	2325	2484714496.000000
281474976710655.000000	3.385797	2326	2485735424.000000
281474976710655.000000	3.269927	2327	2486800896.000000
281474976710655.000000	3.381285	2328	2487823872.000000
281474976710655.000000	3.266430	2329	2488885504.000000
281474976710655.000000	3.389692	2330	2489910784.000000
281474976710655.000000	3.291618	2331	2490973184.000000
281474976710655.000000	3.403118	2332	2491997952.000000
281474976710655.000000	3.320090	2333	2493059584.000000
281474976710655.000000	3.430895	2334	2494085120.000000
281474976710655.000000	3.338545	2335	2495146496.000000
281474976710655.000000	3.435678	2336	2496170752.000000
281474976710655.000000	3.329643	2337	2497233920.000000
281474976710655.000000	3.430834	2338	2498257664.000000
281474976710655.000000	3.343074	2339	2499320832.000000
281474976710655.000000	3.435573	2340	2500343808.000000
281474976710655.000000	3.347080	2341	2501408000.000000
281474976710655.000000	3.432325	2342	2502429696.000000
281474976710655.000000	3.353907	2343	2503494656.000000
281474976710655.000000	3.447695	2344	2504517120.000000
281474976710655.000000	3.379451	2345	2505581824.000000
281474976710655.000000	3.465182	2346	2506604032.000000
281474976710655.000000	3.392196	2347	2507667968.000000
281474976710655.000000	3.454874	2348	2508690688.000000
281474976710655.000000	3.409814	2349	2509756928.000000
281474976710655.000000	3.514522	2350	2510777344.000000
281474976710655.000000	3.398030	2351	2511841024.000000
281474976710655.000000	3.482350	2352	2512865536.000000
281474976710655.000000	3.428441	2353	2513927424.000000
281474976710655.000000	3.518960	2354	2514951936.000000
281474976710655.000000	3.424711	2355	2516014336.000000
281474976710655.000000	3.501924	2356	2517039104.000000
281474976710655.000000	3.431589	2357	2518100224.000000
281474976710655.000000	3.530505	2358	2519125760.000000
281474976710655.000000	3.437620	2359	2520186368.000000
281474976710655.000000	3.536297	2360	2521212672.000000
281474976710655.000000	3.424166	2361	2522273792.000000
281474976710655.000000	3.550677	2362	2523299584.000000
281474976710655.000000	3.463958	2363	2524359680.000000
281474976710655.000000	3.566620	2364	2525385728.000000
281474976710655.000000	3.465889	2365	2526447104.000000
281474976710655.000000	3.605737	2366	2527472128.000000
281474976710655.000000	3.449810	2367	2528534528.000000
281474976710655.000000	3.619702	2368	2529557760.000000
281474976710655.000000	3.451719	2369	2530621696.000000
281474976710655.000000	3.602571	2370	2531644160.000000
281474976710655.000000	3.460329	2371	2532708352.000000
281474976710655.000000	3.671973	2372	2533729792.000000
281474976710655.000000	3.488922	2373	2534797312.000000
281474976710655.000000	3.672935	2374	2535816192.000000
281474976710655.000000	3.502163	2375	2536883456.000000
281474976710655.000000	3.615806	2376	2537901312.000000
281474976710655.000000	3.458006	2377	2538969856.000000
281474976710655.000000	3.645364	2378	2539988224.000000
281474976710655.000000	3.494003	2379	2541058048.000000
281474976710655.000000	3.652891	2380	2542074112.000000
281474976710655.000000	3.473539	2381	2543143936.000000
281474976710655.000000	3.657674	2382	2544160256.000000
281474976710655.000000	3.490452	2383	2545230080.000000
281474976710655.000000	3.679004	2384	2546247680.000000
281474976710655.000000	3.502361	2385	2547316992.000000
281474976710655.000000	3.687042	2386	2548332800.000000
281474976710655.000000	3.490772	2387	2549403136.000000
281474976710655.000000	3.699202	2388	2550423040.000000
281474976710655.000000	3.531882	2389	2551489536.000000
281474976710655.000000	3.683832	2390	2552508160.000000
281474976710655.000000	3.527720	2391	2553575424.000000
281474976710655.000000	3.700382	2392	2554595328.000000
281474976710655.000000	3.535982	2393	2555661056.000000
281474976710655.000000	3.694974	2394	2556682496.000000
281474976710655.000000	3.538593	2395	2557747200.000000
281474976710655.000000	3.709589	2396	2558770176.000000
281474976710655.000000	3.535391	2397	2559832576.000000
281474976710655.000000	3.705977	2398	2560856576.000000
281474976710655.000000	3.563477	2399	2561918208.000000
281474976710655.000000	3.721146	2400	2562944000.000000
281474976710655.000000	3.556184	2401	2564004608.000000
281474976710655.000000	3.703284	2402	2565030656.000000
281474976710655.000000	3.573614	2403	2566090496.000000
281474976710655.000000	3.715044	2404	2567117824.000000
281474976710655.000000	3.586684	2405	2568176896.000000
281474976710655.000000	3.725758	2406	2569204224.000000
281474976710655.000000	3.601985	2407	2570263296.000000
281474976710655.000000	3.738706	2408	2571290624.000000
281474976710655.000000	3.599191	2409	2572349696.000000
281474976710655.000000	3.719798	2410	2573377024.000000
281474976710655.000000	3.613114	2411	2574436608.000000
281474976710655.000000	3.713832	2412	2575463424.000000
281474976710655.000000	3.621453	2413	2576523520.000000
281474976710655.000000	3.740685	2414	2577549568.000000
281474976710655.000000	3.618069	2415	2578609664.000000
281474976710655.000000	3.716735	2416	2579635968.000000
281474976710655.000000	3.608582	2417	2580696832.000000
281474976710655.000000	3.738517	2418	2581722368.000000
281474976710655.000000	3.626462	2419	2582783488.000000
281474976710655.000000	3.726858	2420	2583808768.000000
281474976710655.000000	3.642026	2421	2584869632.000000
281474976710655.000000	3.756889	2422	2585894912.000000
281474976710655.000000	3.636841	2423	2586955776.000000
281474976710655.000000	3.740625	2424	2587981824.000000
281474976710655.000000	3.638207	2425	2589042432.000000
281474976710655.000000	3.746058	2426	2590068224.000000
281474976710655.000000	3.642427	2427	2591128320.000000
281474976710655.000000	3.767564	2428	2592155392.000000
281474976710655.000000	3.655465	2429	2593215232.000000
281474976710655.000000	3.766107	2430	2594241792.000000
281474976710655.000000	3.657611	2431	2595301376.000000
281474976710655.000000	3.748938	2432	2596328448.000000
281474976710655.000000	3.661993	2433	2597387776.000000
281474976710655.000000	3.788296	2434	2598414848.000000
281474976710655.000000	3.642508	2435	2599473920.000000
281474976710655.000000	3.794682	2436	2600501248.000000
281474976710655.000000	3.658673	2437	2601560576.000000
281474976710655.000000	3.805155	2438	2602587648.000000
281474976710655.000000	3.656697	2439	2603646976.000000
281474976710655.000000	3.833564	2440	2604674560.000000
281474976710655.000000	3.661436	2441	2605733632.000000
281474976710655.000000	3.831749	2442	2606760192.000000
281474976710655.000000	3.649168	2443	2607820544.000000
281474976710655.000000	3.831963	2444	2608846592.000000
281474976710655.000000	3.646464	2445	2609908736.000000
281474976710655.000000	3.813079	2446	2610932480.000000
281474976710655.000000	3.657236	2447	2611994368.000000
281474976710655.000000	3.864584	2448	2613018624.000000
281474976710655.000000	3.668447	2449	2614080768.000000
281474976710655.000000	3.846964	2450	2615105024.000000
281474976710655.000000	3.656970	2451	2616167680.000000
281474976710655.000000	3.857756	2452	2617190912.000000
281474976710655.000000	3.642657	2453	2618253312.000000
281474976710655.000000	3.859965	2454	2619277568.000000
281474976710655.000000	3.661882	2455	2620340224.000000
281474976710655.000000	3.866341	2456	2621363712.000000
281474976710655.000000	3.660852	2457	2622426880.000000
281474976710655.000000	3.862984	2458	2623450112.000000
281474976710655.000000	3.664451	2459	2624513024.000000
281474976710655.000000	3.855227	2460	2625536768.000000
281474976710655.000000	3.686376	2461	2626599680.000000
281474976710655.000000	3.870288	2462	2627623168.000000
281474976710655.000000	3.691222	2463	2628685568.000000
281474976710655.000000	3.877330	2464	2629709824.000000
281474976710655.000000	3.692791	2465	2630771456.000000
281474976710655.000000	3.852506	2466	2631796736.000000
281474976710655.000000	3.690609	2467	2632857600.000000
281474976710655.000000	3.878435	2468	2633883392.000000
281474976710655.000000	3.692812	2469	2634943744.000000
281474976710655.000000	3.869758	2470	2635970048.000000
281474976710655.000000	3.701415	2471	2637030400.000000
281474976710655.000000	3.875076	2472	2638056448.000000
281474976710655.000000	3.694833	2473	2639115520.000000
281474976710655.000000	3.869148	2474	2640142848.000000
281474976710655.000000	3.721865	2475	2641202176.000000
281474976710655.000000	3.884423	2476	2642230016.000000
281474976710655.000000	3.703192	2477	2643288576.000000
281474976710655.000000	3.877440	2478	2644316416.000000
281474976710655.000000	3.721139	2479	2645374720.000000
281474976710655.000000	3.863803	2480	2646402816.000000
281474976710655.000000	3.729301	2481	2647461120.000000
281474976710655.000000	3.877092	2482	2648488704.000000
281474976710655.000000	3.717266	2483	2649548032.000000
281474976710655.000000	3.872290	2484	2650574848.000000
281474976710655.000000	3.732463	2485	2651634432.000000
281474976710655.000000	3.875068	2486	2652661248.000000
281474976710655.000000	3.726818	2487	2653721088.000000
281474976710655.000000	3.866981	2488	2654747648.000000
281474976710655.000000	3.745869	2489	2655807488.000000
281474976710655.000000	3.861169	2490	2656833792.000000
281474976710655.000000	3.739257	2491	2657893632.000000
281474976710655.000000	3.882980	2492	2658919936.000000
281474976710655.000000	3.747726	2493	2659980288.000000
281474976710655.000000	3.854062	2494	2661006848.000000
281474976710655.000000	3.765945	2495	2662066944.000000
281474976710655.000000	3.873284	2496	2663092992.000000
281474976710655.000000	3.763999	2497	2664153088.000000
281474976710655.000000	3.852728	2498	2665179904.000000
281474976710655.000000	3.758853	2499	2666238976.000000
281474976710655.000000	3.871922	2500	2667265792.000000
281474976710655.000000	3.726322	2501	2668324864.000000
281474976710655.000000	3.884826	2502	2669352448.000000
281474976710655.000000	3.764771	2503	2670411776.000000
281474976710655.000000	3.896195	2504	2671438592.000000
281474976710655.000000	3.784271	2505	2672497664.000000
281474976710655.000000	3.898963	2506	2673524992.000000
281474976710655.000000	3.762562	2507	2674583808.000000
281474976710655.000000	3.905290	2508	2675611904.000000
281474976710655.000000	3.733715	2509	2676670464.000000
281474976710655.000000	3.925376	2510	2677698048.000000
