time (s)	coil I (A)	last det (V)	int current (uC)
2377.177177	0.933011	10.263116	0.195512
2378.261253	0.592487	351.171875	-196.972656
2378.263256	0.898794	351.171875	-196.972656
2378.265255	0.936815	351.171875	-196.972656
2378.267255	0.934358	10.277943	0.192434
2379.259276	0.384239	185.839844	146.972656
2379.261277	0.746957	185.839844	146.972656
2379.263276	0.937390	185.839844	146.972656
2379.265278	0.935983	10.295817	0.186779
2380.349287	0.329040	354.882812	-197.363281
2380.351291	0.694664	354.882812	-197.363281
2380.353289	0.931597	354.882812	-197.363281
2380.355289	0.936556	354.882812	-197.363281
2380.357290	0.934381	10.278191	0.183366
2381.347309	0.681543	182.421875	150.390625
2381.349311	0.928330	182.421875	150.390625
2381.351312	0.935867	182.421875	150.390625
2381.353319	0.933517	10.268690	0.178941
2382.439365	0.627782	353.125000	-195.214844
2382.441369	0.913083	353.125000	-195.214844
2382.443367	0.936621	353.125000	-195.214844
2382.445368	0.934318	10.277499	0.193218
2383.433434	0.540389	180.078125	152.636719
2383.435435	0.870829	180.078125	152.636719
2383.437436	0.937206	180.078125	152.636719
2383.439434	0.934405	10.278457	0.185197
2384.529544	0.526113	358.007812	-195.019531
2384.531547	0.861719	358.007812	-195.019531
2384.533546	0.937185	358.007812	-195.019531
2384.535545	0.934378	10.278155	0.197884
2385.521555	0.387425	177.343750	155.468750
2385.523555	0.749859	177.343750	155.468750
2385.527554	0.935425	177.343750	155.468750
2385.529557	0.933357	10.266927	0.189890
2386.617617	0.459089	356.054687	-193.652344
2386.621617	0.939035	356.054687	-193.652344
2386.623618	0.936014	356.054687	-193.652344
2386.625619	0.934195	10.276143	0.189649
2387.611624	0.725778	174.804687	158.007812
2387.613620	0.935552	174.804687	158.007812
2387.615620	0.935853	10.294382	0.181071
2388.705709	0.342334	357.128906	-193.261719
2388.707711	0.707172	357.128906	-193.261719
2388.709709	0.933032	357.128906	-193.261719
2388.711710	0.935748	357.128906	-193.261719
2388.713711	0.933409	10.267494	0.187954
2389.697704	0.294448	173.925781	159.765625
2389.699705	0.661670	173.925781	159.765625
2389.701705	0.923312	173.925781	159.765625
2389.703706	0.935801	173.925781	159.765625
2389.705705	0.935699	10.292689	0.180356
2390.795759	0.683529	359.765625	-192.773437
2390.797762	0.928741	359.765625	-192.773437
2390.799759	0.935912	359.765625	-192.773437
2390.801760	0.933604	10.269648	0.388148
2391.788315	0.413412	175.976562	158.105469
2391.790317	0.773748	175.976562	158.105469
2391.792317	0.938484	175.976562	158.105469
2391.794317	0.936011	10.296120	0.181215
2392.882375	0.298921	356.738281	-190.722656
2392.884377	0.666026	356.738281	-190.722656
2392.886377	0.924873	356.738281	-190.722656
2392.888379	0.936261	356.738281	-190.722656
2392.892375	0.932513	10.257639	0.194727
2393.878415	0.527041	171.386719	162.304687
2393.880417	0.862177	171.386719	162.304687
2393.882416	0.936659	171.386719	162.304687
2393.884417	0.933768	10.271446	0.181269
2394.972502	0.862626	353.417969	-188.378906
2394.974507	0.937614	353.417969	-188.378906
2394.978507	0.933041	10.263453	0.187016
2395.966583	0.383148	171.875000	162.597656
2395.968587	0.745841	171.875000	162.597656
2395.972583	0.935262	171.875000	162.597656
2395.974586	0.933127	10.264400	0.179512
2397.058617	0.511919	355.175781	-186.914062
2397.062614	0.937257	355.175781	-186.914062
2397.064616	0.934337	355.175781	-186.914062
2397.066617	0.932567	10.258233	0.189445
2398.056613	0.439441	173.046875	161.621094
2398.058615	0.796532	173.046875	161.621094
2398.060615	0.938566	173.046875	161.621094
2398.062615	0.935730	10.293036	0.175966
2399.144656	0.447517	349.707031	-184.960937
2399.146657	0.803498	349.707031	-184.960937
2399.148659	0.939034	349.707031	-184.960937
2399.150659	0.936116	10.297271	0.194785
2400.146740	0.511788	172.851562	162.500000
2400.148742	0.852152	172.851562	162.500000
2400.150742	0.937017	172.851562	162.500000
2400.152743	0.934032	10.274354	0.173782
2401.230750	0.342461	360.058594	-186.523437
2401.232754	0.707126	360.058594	-186.523437
2401.234755	0.933643	360.058594	-186.523437
2401.236753	0.936472	360.058594	-186.523437
2401.238752	0.934373	10.278102	0.194451
2402.235292	1.767604	175.000000	161.132812
2402.237293	0.792901	175.000000	161.132812
2402.239295	0.937663	175.000000	161.132812
2402.241297	0.934837	10.283207	0.174798
2403.317811	0.416045	348.437500	-183.886719
2403.319813	0.776095	348.437500	-183.886719
2403.321814	0.938133	348.437500	-183.886719
2403.323814	0.935532	10.290855	0.189435
2404.327861	0.671843	172.753906	163.671875
2404.329863	0.682468	172.753906	163.671875
2404.331862	0.936191	172.753906	163.671875
2404.333862	0.933823	10.272049	0.327956
2405.402816	0.297149	343.359375	-184.277344
2405.404820	0.311966	343.359375	-184.277344
2405.406818	0.923977	343.359375	-184.277344
2405.408819	0.935819	343.359375	-184.277344
2405.410819	0.933417	10.267591	0.192352
2406.422904	0.934350	166.894531	168.945312
2406.424907	0.932547	10.258020	0.168582
2407.488900	0.333437	339.648437	-185.156250
2407.490902	0.698669	339.648437	-185.156250
2407.492900	0.932488	339.648437	-185.156250
2407.494900	0.936618	339.648437	-185.156250
2407.496900	0.934596	10.280557	0.196134
2408.506936	0.556754	165.917969	171.289062
2408.508937	0.880016	165.917969	171.289062
2408.510938	0.936517	165.917969	171.289062
2408.512939	0.933833	10.272164	0.168278
2409.579049	0.905933	327.148437	-184.570312
2409.581050	0.936456	327.148437	-184.570312
2409.583049	0.933989	10.273884	0.190977
2410.597110	0.682433	166.503906	173.535156
2410.599112	0.928691	166.503906	173.535156
2410.601113	0.936065	166.503906	173.535156
2410.603113	0.933794	10.271739	0.356597
2411.663186	0.517012	341.699219	-190.917969
2411.665189	0.855770	341.699219	-190.917969
2411.667188	0.937525	341.699219	-190.917969
2411.669188	0.934672	10.281390	0.192889
2412.685249	0.675355	170.312500	172.558594
2412.689249	0.935974	170.312500	172.558594
2412.691256	0.933666	170.312500	172.558594
2412.693260	0.932140	10.253536	0.169566
2413.751797	0.774568	334.667969	-192.089844
2413.753799	0.937696	334.667969	-192.089844
2413.755798	0.935092	10.286016	0.190909
2414.774345	0.860107	168.261719	177.832031
2414.776347	0.937244	168.261719	177.832031
2414.778348	0.934435	10.278785	0.168866
2415.838882	0.622798	329.785156	-192.382812
2415.840885	0.910603	329.785156	-192.382812
2415.842886	0.935677	329.785156	-192.382812
2415.844885	0.933065	10.263710	0.186072
2416.858935	0.321108	162.011719	185.351562
2416.860936	0.686856	162.011719	185.351562
2416.862935	0.929781	162.011719	185.351562
2416.864936	0.936307	162.011719	185.351562
2416.866937	0.934102	10.275125	0.170346
2417.924983	0.430816	324.023437	-191.894531
2417.926986	0.789088	324.023437	-191.894531
2417.928986	0.938899	324.023437	-191.894531
2417.930986	0.936048	10.296527	0.188212
2418.949554	0.928140	169.238281	182.910156
2418.951559	0.935390	169.238281	182.910156
2418.953557	0.933065	10.263710	0.170425
2420.014087	0.409633	309.082031	-190.332031
2420.016087	0.770198	309.082031	-190.332031
2420.018089	0.938141	309.082031	-190.332031
2420.022087	0.933804	10.271845	0.185803
2421.034134	0.339015	162.890625	187.890625
2421.038135	0.932642	162.890625	187.890625
2421.040137	0.933684	162.890625	187.890625
2421.042137	0.933717	10.270888	0.167753
2422.102154	0.433768	318.457031	-192.871094
2422.106154	0.938467	318.457031	-192.871094
2422.108159	0.935712	318.457031	-192.871094
2422.110157	0.933726	10.270986	0.189264
2423.120692	0.419071	160.253906	191.015625
2423.122695	0.778754	160.253906	191.015625
2423.124694	0.937881	160.253906	191.015625
2423.126694	0.935294	10.288232	0.170077
2424.190773	0.466032	306.542969	-190.722656
2424.192776	0.818413	306.542969	-190.722656
2424.194776	0.938305	306.542969	-190.722656
2424.196776	0.935324	10.288560	0.182223
2425.208832	0.456340	162.792969	189.550781
2425.210834	0.810650	162.792969	189.550781
2425.212833	0.938324	162.792969	189.550781
2425.214834	0.935324	10.288568	0.165655
2426.279412	0.590998	302.929687	-189.550781
2426.281414	0.897662	302.929687	-189.550781
2426.283413	0.936246	302.929687	-189.550781
2426.285413	0.933599	10.269594	0.181415
2427.295484	0.502522	157.812500	194.042969
2427.297487	0.845796	157.812500	194.042969
2427.299486	0.937431	157.812500	194.042969
2427.301485	0.934452	10.278971	0.166247
2428.367560	0.583585	299.121094	-188.867187
2428.369562	0.894338	299.121094	-188.867187
2428.371563	0.936684	299.121094	-188.867187
2428.373562	0.934195	10.276143	0.178548
2429.385587	0.796283	155.273437	195.800781
2429.387589	0.937696	155.273437	195.800781
2429.389588	0.934810	10.282906	0.163750
2430.455673	0.797090	301.855469	-188.574219
2430.457675	0.937679	301.855469	-188.574219
2430.459675	0.934717	10.281886	0.181509
2431.471704	0.564808	158.300781	194.042969
2431.473704	0.884334	158.300781	194.042969
2431.475705	0.936128	158.300781	194.042969
2431.477705	0.933411	10.267520	0.161671
2432.541767	0.466650	301.562500	-187.011719
2432.543765	0.819455	301.562500	-187.011719
2432.545765	0.941045	301.562500	-187.011719
2432.547764	0.937865	10.316521	0.178254
2433.561824	0.846708	154.687500	197.656250
2433.563826	0.936687	154.687500	197.656250
2433.565827	0.933720	10.270915	0.160024
2434.627863	0.502849	321.386719	-189.355469
2434.629864	0.845891	321.386719	-189.355469
2434.633862	0.934415	321.386719	-189.355469
2434.637862	0.931508	10.246588	0.183563
2435.651885	0.936058	159.375000	193.847656
2435.653886	0.933404	159.375000	193.847656
2435.655886	0.931816	10.249973	0.159589
2436.716404	0.795118	319.238281	-187.402344
2436.718406	0.937918	319.238281	-187.402344
2436.720406	0.935017	10.285192	0.177410
2437.736429	0.588288	151.464844	200.292969
2437.738431	0.896346	151.464844	200.292969
2437.740430	0.936091	151.464844	200.292969
2437.742431	0.933464	10.268106	0.155213
2438.804443	0.929734	298.632812	-180.664062
2438.806447	0.935970	298.632812	-180.664062
2438.808445	0.933749	10.271234	0.400286
2439.824484	0.609648	160.839844	192.675781
2439.826485	0.906012	160.839844	192.675781
2439.830483	0.933933	160.839844	192.675781
2439.832485	0.932360	10.255964	0.157565
2440.890540	0.839926	299.511719	-177.929687
2440.892541	0.937316	299.511719	-177.929687
2440.894541	0.934387	10.278262	0.178426
2441.914579	0.874043	158.105469	194.824219
2441.916581	0.936663	158.105469	194.824219
2441.918581	0.936586	10.302447	0.150251
2442.979120	0.936965	325.390625	-178.027344
2442.981122	0.935382	10.289198	0.639750
2444.000086	0.746300	151.464844	200.878906
2444.002089	0.936492	151.464844	200.878906
2444.004089	0.935134	10.286477	0.153426
2445.064137	0.767489	336.132812	-175.976562
2445.066139	0.938131	336.132812	-175.976562
2445.068138	0.935774	10.293513	0.179817
2446.086147	0.407693	150.390625	200.195312
2446.088150	0.768444	150.390625	200.195312
2446.090150	0.938429	150.390625	200.195312
2446.092154	0.936072	10.296793	0.147301
2447.154147	0.929416	339.648437	-173.339844
2447.156150	0.935113	339.648437	-173.339844
2447.158149	0.932861	10.261467	0.404195
2448.174187	1.502315	153.808594	195.605469
2448.176191	0.907029	153.808594	195.605469
2448.178189	0.936294	153.808594	195.605469
2448.180190	0.933735	10.271083	0.146602
2449.240242	0.803430	318.847656	-166.796875
2449.242245	0.938307	318.847656	-166.796875
2449.244249	0.935395	10.289349	0.176998
2450.260316	0.657278	154.394531	194.042969
2450.262319	0.921718	154.394531	194.042969
2450.264322	0.935411	154.394531	194.042969
2450.266326	0.932986	10.262841	0.149076
2451.326873	0.483956	331.445312	-165.625000
2451.328876	0.832584	331.445312	-165.625000
2451.330875	0.938971	331.445312	-165.625000
2451.332875	0.936019	10.296207	0.176841
2452.344930	0.282548	154.687500	192.187500
2452.346933	0.650139	154.687500	192.187500
2452.348931	0.919908	154.687500	192.187500
2452.350931	0.935677	154.687500	192.187500
2452.352933	0.933315	10.266466	0.146685
2453.419496	0.936882	323.046875	-161.132812
2453.421498	0.934225	10.276481	0.173854
2454.431570	0.423921	147.265625	199.218750
2454.433572	0.782991	147.265625	199.218750
2454.435571	0.938855	147.265625	199.218750
2454.437571	0.936220	10.298414	0.143639
2455.503627	0.550000	337.792969	-162.109375
2455.505627	0.876020	337.792969	-162.109375
2455.507628	0.936296	337.792969	-162.109375
2455.509628	0.933504	10.268539	0.174647
2456.517726	0.425640	146.191406	199.609375
2456.519729	0.784514	146.191406	199.609375
2456.521727	0.938301	146.191406	199.609375
2456.523727	0.935565	10.291218	0.146153
2457.591800	0.501520	333.886719	-160.156250
2457.593800	0.844857	333.886719	-160.156250
2457.595801	0.850345	333.886719	-160.156250
2457.597801	0.933947	10.273414	0.172749
2458.603880	0.469949	145.507812	199.707031
2458.605881	0.822365	145.507812	199.707031
2458.607880	0.827215	145.507812	199.707031
2458.609882	0.939633	10.335964	0.145478
2459.679933	0.534842	338.085937	-160.644531
2459.681936	0.867181	338.085937	-160.644531
2459.683936	0.871897	338.085937	-160.644531
2459.685936	0.934329	10.277623	0.172416
2460.691977	0.686481	142.675781	201.074219
2460.693978	0.928881	142.675781	201.074219
2460.695977	0.935223	142.675781	201.074219
2460.697978	0.932973	10.262699	0.356339
2461.772038	0.936426	346.679687	-161.425781
2461.774040	0.933925	10.273174	0.169390
2462.776604	0.413123	144.531250	199.902344
2462.778605	0.773246	144.531250	199.902344
2462.780605	0.938587	144.531250	199.902344
2462.782605	0.936103	10.297138	0.140711
2463.854645	0.369919	349.316406	-161.035156
2463.856647	0.732975	349.316406	-161.035156
2463.858647	0.935269	349.316406	-161.035156
2463.860647	0.934969	10.284660	0.172076
2464.864689	0.625523	144.042969	201.562500
2464.866690	0.911400	144.042969	201.562500
2464.868689	0.935281	144.042969	201.562500
2464.870691	0.932767	10.260439	0.136339
2465.942715	0.535097	351.757812	-160.742187
2465.946719	0.936697	351.757812	-160.742187
2465.948721	0.933753	351.757812	-160.742187
2465.950720	0.932068	10.252748	0.171626
2466.951241	0.560126	141.699219	204.199219
2466.953244	0.881758	141.699219	204.199219
2466.955243	0.936193	141.699219	204.199219
2466.957244	0.933519	10.268707	0.139880
2468.029267	0.470479	343.164062	-158.496094
2468.031270	0.821936	343.164062	-158.496094
2468.033274	0.938281	343.164062	-158.496094
2468.035277	0.935354	10.288897	0.168454
2469.041334	0.934850	140.625000	205.664062
2469.043335	0.934963	10.284590	0.518261
2470.115305	0.403904	343.554687	-157.714844
2470.117308	0.764858	343.554687	-157.714844
2470.119307	0.937260	343.554687	-157.714844
2470.121308	0.934982	10.284802	0.169709
2471.127312	0.952953	140.332031	207.226562
2471.129313	0.937190	140.332031	207.226562
2471.131312	0.934271	10.276977	0.135300
2472.207359	0.935792	353.125000	-158.398437
2472.209363	0.933296	10.266253	0.165563
2473.213905	0.583235	142.578125	205.957031
2473.215905	0.893636	142.578125	205.957031
2473.217905	0.935817	142.578125	205.957031
2473.219906	0.933057	10.263630	0.131892
2474.287964	0.373732	339.648437	-155.957031
2474.289968	0.736636	339.648437	-155.957031
2474.291968	0.936998	339.648437	-155.957031
2474.293974	0.936394	10.300338	0.169303
2475.302015	0.795367	140.429687	208.203125
2475.304017	0.938580	140.429687	208.203125
2475.308016	0.933994	10.273936	0.133773
2476.374018	0.406955	332.910156	-154.882812
2476.376020	0.767555	332.910156	-154.882812
2476.380019	0.935092	332.910156	-154.882812
2476.382020	0.933010	10.263107	0.172317
2477.388031	0.407013	141.601562	207.519531
2477.390034	0.767783	141.601562	207.519531
2477.392035	0.938324	141.601562	207.519531
2477.394033	0.936083	10.296908	0.134284
2478.460097	0.346283	337.500000	-155.664062
2478.462099	0.710599	337.500000	-155.664062
2478.464099	0.932954	337.500000	-155.664062
2478.466099	0.935138	337.500000	-155.664062
2478.468099	0.932736	10.260094	0.167143
2479.476137	0.391116	144.628906	205.468750
2479.478140	0.752922	144.628906	205.468750
2479.480140	0.936435	144.628906	205.468750
2479.482138	0.936657	10.303226	0.132298
2480.548200	0.792494	346.875000	-157.910156
2480.550200	0.937622	346.875000	-157.910156
2480.552201	0.934729	10.282020	0.165815
2481.564790	0.568091	141.601562	209.082031
2481.566794	0.886086	141.601562	209.082031
2481.568792	0.936269	141.601562	209.082031
2481.570792	0.933503	10.268531	0.131026
2482.632840	0.754136	317.675781	-154.589844
2482.634842	0.936500	317.675781	-154.589844
2482.636843	0.934661	10.281275	0.168775
2483.652891	0.505836	144.140625	207.617187
2483.654892	0.848264	144.140625	207.617187
2483.656894	0.938284	144.140625	207.617187
2483.658892	0.938164	10.319799	0.134361
2484.717431	0.331661	323.046875	-156.738281
2484.719430	0.696783	323.046875	-156.738281
2484.721431	0.931391	323.046875	-156.738281
2484.723433	0.935810	323.046875	-156.738281
2484.725433	0.933539	10.268929	0.167859
2485.739434	0.531346	141.894531	210.644531
2485.741436	0.864612	141.894531	210.644531
2485.743437	0.936402	141.894531	210.644531
2485.747433	0.931712	10.248830	0.129156
2486.805491	0.635265	318.750000	-158.007812
2486.807492	0.914842	318.750000	-158.007812
2486.809492	0.935403	318.750000	-158.007812
2486.811492	0.932944	10.262380	0.167613
2487.827560	0.474035	143.261719	210.742187
2487.829561	0.824680	143.261719	210.742187
2487.831560	0.938822	143.261719	210.742187
2487.833561	0.935751	10.293266	0.131185
2488.890099	0.637076	332.324219	-161.523437
2488.894098	0.934963	332.324219	-161.523437
2488.898099	0.931075	332.324219	-161.523437
2488.900100	0.930128	10.231406	0.175136
2489.915026	0.573053	138.769531	218.457031
2489.917027	0.888468	138.769531	218.457031
2489.919028	0.935716	138.769531	218.457031
2489.921028	0.933007	10.263072	0.127885
2490.977052	0.506030	327.148437	-162.890625
2490.979059	0.847823	327.148437	-162.890625
2490.981061	0.936232	327.148437	-162.890625
2490.983064	0.933148	10.264631	0.167623
2492.001621	0.468741	138.574219	220.312500
2492.003623	0.821160	138.574219	220.312500
2492.005624	0.941679	138.574219	220.312500
2492.007625	0.938524	10.323761	0.134504
2493.065670	0.872750	317.480469	-163.476562
2493.067674	0.936410	317.480469	-163.476562
2493.069671	0.933642	10.270064	0.160506
2494.090190	0.722229	146.289062	215.722656
2494.092196	0.934207	146.289062	215.722656
2494.094195	0.934568	146.289062	215.722656
2494.096196	0.932418	10.256594	0.131394
2495.153175	0.920814	325.097656	-165.332031
2495.155179	0.935883	325.097656	-165.332031
2495.157179	0.933449	10.267938	0.170033
2496.177198	0.905184	139.355469	224.121094
2496.179202	0.908134	139.355469	224.121094
2496.183198	0.931662	10.248281	0.130776
2497.237290	0.416208	302.539062	-162.402344
2497.239291	0.776048	302.539062	-162.402344
2497.241292	0.939764	302.539062	-162.402344
2497.245289	0.935380	10.289180	0.159517
2498.261333	0.471276	143.652344	222.460937
2498.263336	0.822631	143.652344	222.460937
2498.265335	0.939122	143.652344	222.460937
2498.267336	0.936149	10.297634	0.128761
2499.325914	0.722559	321.093750	-165.429687
2499.327916	0.934931	321.093750	-165.429687
2499.329916	0.935510	321.093750	-165.429687
2499.331916	0.933296	10.266253	0.520304
2500.349953	0.878851	145.214844	222.460937
2500.351954	0.935713	145.214844	222.460937
2500.353954	0.932884	10.261724	0.131709
2501.412911	0.694341	287.304687	-161.523437
2501.414913	0.930307	287.304687	-161.523437
2501.416912	0.935146	287.304687	-161.523437
2501.418913	0.932788	10.260670	0.159747
2502.432933	0.391584	138.574219	228.613281
2502.434934	0.753401	138.574219	228.613281
2502.436933	0.936228	138.574219	228.613281
2502.438933	0.934420	10.278616	0.130001
2503.498946	0.581329	288.671875	-161.816406
2503.500947	0.892680	288.671875	-161.816406
2503.502948	0.935796	288.671875	-161.816406
2503.504949	0.933169	10.264862	0.157498
2504.522968	0.845252	144.433594	223.925781
2504.524969	0.936946	144.433594	223.925781
2504.526970	0.933953	10.273485	0.126639
2505.585935	0.548916	314.746094	-165.429687
2505.587938	0.875250	314.746094	-165.429687
2505.589938	0.936014	314.746094	-165.429687
2505.591939	0.933216	10.265376	0.154137
2506.607957	0.513987	136.132812	232.226562
2506.609956	0.853444	136.132812	232.226562
2506.611959	0.936661	136.132812	232.226562
2506.615956	0.931995	10.251949	0.129173
2507.676007	0.936217	311.132812	-164.355469
2507.678009	0.933349	311.132812	-164.355469
2507.680009	0.933313	10.266439	0.157328
2508.694559	0.503735	141.601562	227.539062
2508.696561	0.846211	141.601562	227.539062
2508.698562	0.936389	141.601562	227.539062
2508.700563	0.936241	10.298654	0.128709
2509.763120	0.883135	293.554687	-161.230469
2509.765122	0.936016	293.554687	-161.230469
2509.767121	0.933175	10.264924	0.149030
2510.781175	0.499087	137.402344	231.347656
2510.783177	0.843014	137.402344	231.347656
2510.785176	0.936858	137.402344	231.347656
2510.787175	0.933749	10.271234	0.126333
2511.845266	0.572330	308.300781	-161.816406
2511.847267	0.887886	308.300781	-161.816406
2511.851266	0.932594	308.300781	-161.816406
2511.853266	0.931140	10.242537	0.159147
2512.869810	0.578178	139.160156	230.859375
2512.871813	0.891205	139.160156	230.859375
2512.873810	0.936029	139.160156	230.859375
2512.875810	0.933323	10.266555	0.123818
2513.933823	0.902054	283.886719	-158.007812
2513.935825	0.935960	283.886719	-158.007812
2513.937824	0.933384	10.267220	0.154221
2514.955904	0.524361	134.960937	233.691406
2514.957906	0.860143	134.960937	233.691406
2514.959907	0.936175	134.960937	233.691406
2514.961907	0.933185	10.265039	0.126366
2516.019952	0.813711	313.867187	-159.570312
2516.021953	0.937160	313.867187	-159.570312
2516.023954	0.934083	10.274912	0.156343
2517.042542	0.427937	141.015625	228.710937
2517.046542	0.936816	141.015625	228.710937
2517.048545	0.933977	141.015625	228.710937
2517.050544	0.931991	10.251905	0.123994
2518.105109	0.690022	319.824219	-158.691406
2518.107110	0.929260	319.824219	-158.691406
2518.109111	0.934822	319.824219	-158.691406
2518.111110	0.932479	10.257267	0.154228
2519.129655	0.512663	135.449219	232.324219
2519.131659	0.852592	135.449219	232.324219
2519.135658	0.933988	135.449219	232.324219
2519.137660	0.932165	10.253811	0.126363
2520.189677	0.404937	305.371094	-154.980469
2520.191679	0.765703	305.371094	-154.980469
2520.193679	0.936661	305.371094	-154.980469
2520.195679	0.934254	10.276799	0.154364
2521.215750	0.362002	135.644531	231.347656
2521.217756	0.725373	135.644531	231.347656
2521.221755	0.935258	135.644531	231.347656
2521.223756	0.932755	10.260307	0.123474
2522.279763	0.861171	317.578125	-154.101562
2522.281767	0.936123	317.578125	-154.101562
2522.283766	0.933157	10.264729	0.154507
2523.303786	0.565573	142.871094	224.023437
2523.305786	0.884502	142.871094	224.023437
2523.307787	0.935942	142.871094	224.023437
2523.309788	0.933239	10.265633	0.123938
2524.363815	0.555224	331.445312	-153.125000
2524.365818	0.879068	331.445312	-153.125000
2524.367818	0.936458	331.445312	-153.125000
2524.371816	0.932002	10.252020	0.153341
2525.392801	0.934727	140.722656	224.609375
2525.394804	0.935258	140.722656	224.609375
2525.396804	0.933000	10.263000	0.123093
2526.451412	0.584639	337.597656	-152.050781
2526.453416	0.894094	337.597656	-152.050781
2526.455414	0.935480	337.597656	-152.050781
2526.457415	0.932725	10.259970	0.153323
2527.475439	0.405513	133.886719	228.710937
2527.477443	0.423178	133.886719	228.710937
2527.479441	0.936539	133.886719	228.710937
2527.481443	0.934121	10.275329	0.120604
2528.539558	0.714740	331.640625	-149.218750
2528.541552	0.934844	331.640625	-149.218750
2528.543552	0.936492	10.301410	0.154991
2529.562129	0.595739	139.355469	223.144531
2529.564133	0.899379	139.355469	223.144531
2529.566130	0.935428	139.355469	223.144531
2529.568131	0.932802	10.260821	0.119890
2530.626656	0.703690	348.437500	-148.828125
2530.628656	0.931449	348.437500	-148.828125
2530.630658	0.934487	348.437500	-148.828125
2530.634655	0.931019	10.241208	0.154818
2531.649686	0.801945	136.816406	224.414062
2531.651689	0.938197	136.816406	224.414062
2531.653687	0.935296	10.288259	0.115925
2532.714233	0.849618	348.144531	-147.460937
2532.716234	0.936456	348.144531	-147.460937
2532.718235	0.933432	10.267751	0.155965
2533.735188	0.780456	139.062500	221.191406
2533.737190	0.937252	139.062500	221.191406
2533.741189	0.932500	10.257498	0.739615
2534.801214	0.513857	318.457031	-142.871094
2534.803214	0.853228	318.457031	-142.871094
2534.807214	0.933460	318.457031	-142.871094
2534.809215	0.931688	10.248572	0.151288
2535.819253	0.358889	133.593750	225.878906
2535.821261	0.722446	133.593750	225.878906
2535.823265	0.935084	133.593750	225.878906
2535.825264	0.935550	133.593750	225.878906
2535.827267	0.933407	10.267476	0.114887
2536.887286	0.500611	350.390625	-145.312500
2536.889287	0.843985	350.390625	-145.312500
2536.891289	0.936406	350.390625	-145.312500
2536.893287	0.933243	10.265677	0.152386
2537.904236	0.332711	138.769531	221.875000
2537.906239	0.697569	138.769531	221.875000
2537.910236	0.934541	138.769531	221.875000
2537.912238	0.932293	138.769531	221.875000
2537.914239	0.930963	10.240597	0.121566
2538.973197	0.410102	322.949219	-141.796875
2538.975198	0.770349	322.949219	-141.796875
2538.977198	0.775816	322.949219	-141.796875
2538.979200	0.935317	10.288488	0.153396
2539.991245	0.350179	134.667969	226.171875
2539.995254	0.935388	134.667969	226.171875
2539.997255	0.936974	134.667969	226.171875
2539.999255	0.934920	10.284120	0.115027
2541.061284	0.391756	325.585937	-141.210937
2541.063285	0.753548	325.585937	-141.210937
2541.065285	0.936801	325.585937	-141.210937
2541.067288	0.934999	10.284988	0.154942
2542.077323	0.385833	132.324219	228.515625
2542.079322	0.747981	132.324219	228.515625
2542.081324	0.936111	132.324219	228.515625
2542.083323	0.934549	10.280043	0.115145
2543.147365	0.425184	329.394531	-141.015625
2543.149368	0.783787	329.394531	-141.015625
2543.151368	0.937437	329.394531	-141.015625
2543.153367	0.934607	10.280682	0.150663
2544.165507	0.753573	135.839844	226.171875
2544.167509	0.936178	135.839844	226.171875
2544.169509	0.934259	10.276844	0.115772
2545.238119	0.936003	324.218750	-140.429687
2545.240122	0.933086	10.263949	0.149099
2546.254184	0.908194	137.695312	225.195312
2546.256185	0.934822	137.695312	225.195312
2546.260185	0.930945	10.240393	0.111080
2547.321146	0.556612	331.152344	-141.210937
2547.325147	0.935698	331.152344	-141.210937
2547.327146	0.932949	331.152344	-141.210937
2547.329148	0.931426	10.245684	0.148937
2548.337201	0.601752	131.738281	229.882812
2548.339205	0.902220	131.738281	229.882812
2548.341203	0.935926	131.738281	229.882812
2548.343205	0.933360	10.266962	0.115465
2549.407233	0.546065	336.425781	-141.601562
2549.409234	0.572469	336.425781	-141.601562
2549.411232	0.876845	336.425781	-141.601562
2549.413234	0.933217	10.265385	0.150009
2550.427274	0.570713	131.152344	230.371094
2550.429282	0.887444	131.152344	230.371094
2550.431285	0.936206	131.152344	230.371094
2550.433285	0.933517	10.268682	0.107005
2551.493305	0.487204	327.343750	-141.113281
2551.495307	0.834251	327.343750	-141.113281
2551.497306	0.840797	327.343750	-141.113281
2551.499306	0.933933	10.273263	0.147970
2552.511344	0.379508	129.687500	231.445312
2552.513344	0.741953	129.687500	231.445312
2552.515345	0.935514	129.687500	231.445312
2552.517346	0.934397	10.278368	0.117291
2553.579420	1.806473	329.687500	-141.894531
2553.581422	0.862811	329.687500	-141.894531
2553.583422	0.936095	329.687500	-141.894531
2553.585423	0.933193	10.265128	0.147235
2554.599462	0.554062	132.226562	229.492187
2554.601464	0.878159	132.226562	229.492187
2554.603464	0.936035	132.226562	229.492187
2554.605465	0.935934	10.295278	0.110135
2555.665508	0.610584	313.964844	-141.113281
2555.667510	0.905809	313.964844	-141.113281
2555.669508	0.935753	313.964844	-141.113281
2555.671510	0.933203	10.265234	0.150144
2556.685544	0.354126	132.421875	229.785156
2556.687566	0.717907	132.421875	229.785156
2556.689571	0.934798	132.421875	229.785156
2556.693569	0.933260	132.421875	229.785156
2556.695570	0.931967	10.251639	0.113317
2557.753639	0.904750	341.699219	-144.335937
2557.755640	0.935307	341.699219	-144.335937
2557.757639	0.932648	10.259128	0.148558
2558.774179	0.528071	133.691406	229.492187
2558.776181	0.862618	133.691406	229.492187
2558.778181	0.936460	133.691406	229.492187
2558.780183	0.933540	10.268938	0.114319
2559.836742	0.558755	340.722656	-145.214844
2559.838743	0.880864	340.722656	-145.214844
2559.840742	0.935933	340.722656	-145.214844
2559.842745	0.933131	10.264445	0.147054
2560.861686	0.727258	127.636719	235.156250
2560.865685	0.934895	127.636719	235.156250
2560.867685	0.932737	10.260103	0.112801
2561.921732	0.443267	316.210937	-144.140625
2561.923731	0.799601	316.210937	-144.140625
2561.925733	0.938640	316.210937	-144.140625
2561.927733	0.935740	10.293141	0.148787
2562.949764	0.834389	134.375000	231.054687
2562.953764	0.934633	134.375000	231.054687
2562.955766	0.932920	10.262115	0.110966
2564.010316	0.827389	330.175781	-146.582031
2564.012319	0.937622	330.175781	-146.582031
2564.014318	0.934638	10.281017	0.146539
2565.034875	0.569119	129.785156	237.109375
2565.036877	0.886200	129.785156	237.109375
2565.038876	0.935382	129.785156	237.109375
2565.040878	0.932550	10.258047	0.111103
2566.094912	0.603248	308.203125	-145.605469
2566.096914	0.902518	308.203125	-145.605469
2566.098915	0.935431	308.203125	-145.605469
2566.100913	0.932833	10.261167	0.146010
2567.122983	0.739744	136.425781	233.984375
2567.124987	0.936604	136.425781	233.984375
2567.126987	0.935715	10.292867	0.112142
2568.181973	0.720709	296.777344	-144.531250
2568.183976	0.933755	296.777344	-144.531250
2568.185975	0.934205	296.777344	-144.531250
2568.189974	0.930749	10.238239	0.146075
2569.208023	2.161834	129.492187	243.554687
2569.210027	0.838676	129.492187	243.554687
2569.214023	0.933655	129.492187	243.554687
2569.216025	0.931975	10.251728	0.111889
2570.270069	0.924027	311.914062	-147.363281
2570.272070	0.934745	311.914062	-147.363281
2570.274070	0.932408	10.256487	0.286118
2571.296083	0.787655	129.101562	245.019531
2571.298086	0.936782	129.101562	245.019531
2571.302083	0.931883	10.250717	0.112890
2572.354122	0.603775	310.839844	-148.535156
2572.356124	0.902495	310.839844	-148.535156
2572.358129	0.934766	310.839844	-148.535156
2572.360124	0.932146	10.253607	0.142372
2573.382197	0.740340	128.222656	247.851562
2573.386197	0.934694	128.222656	247.851562
2573.388202	0.932617	10.258791	0.566644
2574.440201	0.455795	292.285156	-147.265625
2574.446200	0.934657	292.285156	-147.265625
2574.448202	0.932787	292.285156	-147.265625
2574.450204	0.931553	10.247084	0.147554
2575.468261	0.677796	132.421875	245.312500
2575.470264	0.926332	132.421875	245.312500
2575.472262	0.934362	132.421875	245.312500
2575.474264	0.931973	10.251701	0.298699
2576.530276	0.923675	300.195312	-148.632812
2576.532280	0.934843	300.195312	-148.632812
2576.534279	0.932397	10.256363	0.275577
2577.554323	0.664880	135.937500	241.015625
2577.556327	0.923563	135.937500	241.015625
2577.558327	0.934983	135.937500	241.015625
2577.560328	0.932537	10.257905	0.244488
2578.614391	0.662388	321.582031	-152.343750
2578.616393	0.923285	321.582031	-152.343750
2578.618395	0.935437	321.582031	-152.343750
2578.620393	0.933095	10.264047	0.263842
2579.640446	0.613973	133.886719	244.726562
2579.642449	0.906817	133.886719	244.726562
2579.644449	0.935209	133.886719	244.726562
2579.646449	0.932526	10.257781	0.109231
2580.703026	0.883238	308.886719	-150.976562
2580.705026	0.935571	308.886719	-150.976562
2580.707027	0.932758	10.260343	0.145416
2581.725570	0.384631	127.539062	251.562500
2581.727570	0.746732	127.539062	251.562500
2581.729570	0.936870	127.539062	251.562500
2581.731571	0.935518	10.290695	0.112930
2582.787634	0.556673	300.878906	-149.511719
2582.789636	0.879691	300.878906	-149.511719
2582.791635	0.936081	300.878906	-149.511719
2582.793635	0.933253	10.265783	0.140467
2583.815696	0.706163	133.886719	246.191406
2583.817697	0.934690	133.886719	246.191406
2583.819697	0.932418	10.256602	0.112436
2584.874244	0.640650	319.042969	-150.683594
2584.876246	0.916137	319.042969	-150.683594
2584.878246	0.934578	319.042969	-150.683594
2584.880247	0.931997	10.251967	0.172295
2585.898275	0.414483	128.808594	252.734375
2585.900275	0.774283	128.808594	252.734375
2585.902276	0.937277	128.808594	252.734375
2585.904276	0.934740	10.282144	0.116531
2586.962371	0.915333	319.531250	-149.707031
2586.964374	0.935457	319.531250	-149.707031
2586.968373	0.931499	10.246490	0.139150
2587.988390	0.912892	133.496094	247.949219
2587.990392	0.934682	133.496094	247.949219
2587.992390	0.934607	10.280672	0.108084
2589.046967	0.625775	320.214844	-149.511719
2589.048971	0.911299	320.214844	-149.511719
2589.050969	0.935088	320.214844	-149.511719
2589.052969	0.932519	10.257710	0.138183
2590.071905	0.473818	129.296875	252.539062
2590.073907	0.824611	129.296875	252.539062
2590.075907	0.939379	129.296875	252.539062
2590.077907	0.936410	10.300507	0.110589
2591.133933	0.813608	315.917969	-147.460937
2591.135936	0.936693	315.917969	-147.460937
2591.139933	0.931734	10.249069	0.145871
2592.158481	0.364406	130.273437	253.320312
2592.160481	0.727560	130.273437	253.320312
2592.164481	0.934838	130.273437	253.320312
2592.166483	0.932733	10.260058	0.112538
2593.218587	0.412742	308.300781	-144.921875
2593.220586	0.772973	308.300781	-144.921875
2593.222585	0.788904	308.300781	-144.921875
2593.224586	0.935177	10.286946	0.140062
2594.244670	0.323904	137.207031	247.949219
2594.246672	0.689097	137.207031	247.949219
2594.248678	0.928677	137.207031	247.949219
2594.250676	0.934184	137.207031	247.949219
2594.252678	0.931905	10.250957	0.115226
2595.306701	0.768372	291.015625	-141.992187
2595.308703	0.936969	291.015625	-141.992187
2595.310704	0.934558	10.280140	0.140715
2596.334739	0.893684	134.570312	248.535156
2596.336741	0.935850	134.570312	248.535156
2596.338742	0.933205	10.265261	0.106574
2597.391297	0.443952	323.535156	-142.578125
2597.393299	0.799977	323.535156	-142.578125
2597.395299	0.938256	323.535156	-142.578125
2597.397299	0.935359	10.288950	0.140142
2598.419852	0.710498	129.101562	255.078125
2598.421854	0.932367	129.101562	255.078125
2598.423855	0.934317	129.101562	255.078125
2598.425855	0.932090	10.252995	0.111122
2599.477909	0.528100	326.757812	-141.699219
2599.479911	0.862281	326.757812	-141.699219
2599.481911	0.935812	326.757812	-141.699219
2599.483911	0.932770	10.260467	0.139334
2600.506477	0.750156	133.300781	249.511719
2600.508480	0.936308	133.300781	249.511719
2600.510480	0.934742	10.282161	0.108916
2601.564520	0.517646	338.671875	-141.601562
2601.566524	0.855503	338.671875	-141.601562
2601.568525	0.936120	338.671875	-141.601562
2601.570523	0.933091	10.264002	0.142352
2602.591445	0.491758	131.835937	249.316406
2602.593447	0.837580	131.835937	249.316406
2602.595448	0.936759	131.835937	249.316406
2602.599445	0.931895	10.250842	0.107111
2603.651472	0.617654	343.261719	-140.234375
2603.655471	0.935027	343.261719	-140.234375
2603.659471	0.931041	343.261719	-140.234375
2603.661473	0.930144	10.231585	0.138603
2604.678430	0.506274	128.613281	251.562500
2604.680433	0.848003	128.613281	251.562500
2604.682432	0.936620	128.613281	251.562500
2604.684432	0.933619	10.269807	0.106542
2605.738471	0.679716	345.703125	-139.257812
2605.740471	0.926940	345.703125	-139.257812
2605.742470	0.934545	345.703125	-139.257812
2605.744473	0.932243	10.254670	0.326725
2606.763430	0.389810	128.027344	249.707031
2606.765431	0.751561	128.027344	249.707031
2606.767432	0.936146	128.027344	249.707031
2606.769433	0.934257	10.276826	0.108735
2607.825475	0.696049	338.085937	-136.816406
2607.827477	0.705188	338.085937	-136.816406
2607.829476	0.934922	338.085937	-136.816406
2607.831475	0.932657	10.259226	0.394722
2608.852016	0.782701	127.441406	250.390625
2608.854016	0.936909	127.441406	250.390625
2608.856016	0.934080	10.274876	0.104969
2609.912056	0.405333	345.507812	-136.230469
2609.914057	0.765960	345.507812	-136.230469
2609.916064	0.937490	345.507812	-136.230469
2609.918066	0.935212	10.287328	0.135965
2610.937019	0.625723	127.441406	250.097656
2610.939021	0.911590	127.441406	250.097656
2610.941022	0.935573	127.441406	250.097656
2610.943021	0.933056	10.263621	0.104801
2611.999097	0.660881	343.847656	-135.058594
2612.001098	0.922166	343.847656	-135.058594
2612.003097	0.934446	343.847656	-135.058594
2612.005098	0.932036	10.252393	0.142053
2613.025614	0.931742	128.125000	248.144531
2613.027620	0.934321	128.125000	248.144531
2613.029617	0.932082	10.252907	0.413504
2614.085688	0.695829	353.125000	-135.449219
2614.087690	0.930383	353.125000	-135.449219
2614.089691	0.934755	353.125000	-135.449219
2614.091692	0.932470	10.257170	0.141021
2615.110264	0.752338	125.781250	249.902344
2615.112265	0.936036	125.781250	249.902344
2615.114266	0.934248	10.276729	0.105193
2616.172302	0.641993	351.660156	-134.667969
2616.174304	0.916441	351.660156	-134.667969
2616.176304	0.934393	351.660156	-134.667969
2616.178304	0.931937	10.251311	0.140370
2617.194816	0.512677	131.445312	244.238281
2617.196819	0.852176	131.445312	244.238281
2617.200816	0.932866	131.445312	244.238281
2617.204816	0.930195	10.232142	0.103659
2618.259376	0.870858	345.703125	-133.886719
2618.261378	0.936231	345.703125	-133.886719
2618.263377	0.933344	10.266785	0.138346
2619.281906	0.590246	130.175781	244.628906
2619.283909	0.896637	130.175781	244.628906
2619.285908	0.935240	130.175781	244.628906
2619.287908	0.932512	10.257629	0.106296
2620.344462	0.570251	324.902344	-132.226562
2620.346465	0.886977	324.902344	-132.226562
2620.348462	0.935846	324.902344	-132.226562
2620.350462	0.933167	10.264835	0.142478
2621.368532	0.677891	128.222656	245.703125
2621.370533	0.926739	128.222656	245.703125
2621.372534	0.934755	128.222656	245.703125
2621.374532	0.932415	10.256566	0.285662
2622.430578	1.443782	343.652344	-132.421875
2622.432581	0.825995	343.652344	-132.421875
2622.434581	0.833107	343.652344	-132.421875
2622.436580	0.934444	10.278882	0.139155
2623.454632	0.623873	130.566406	244.238281
2623.456635	0.910442	130.566406	244.238281
2623.458635	0.934897	130.566406	244.238281
2623.460636	0.932397	10.256363	0.100451
2624.517571	0.627226	357.617187	-135.351562
2624.519573	0.911541	357.617187	-135.351562
2624.521574	0.934603	357.617187	-135.351562
2624.523573	0.932075	10.252827	0.136153
2625.541581	0.677543	130.761719	244.140625
2625.543582	0.926544	130.761719	244.140625
2625.545584	0.934783	130.761719	244.140625
2625.547583	0.932401	10.256416	0.103933
2626.604159	0.613394	361.425781	-135.156250
2626.610156	0.932182	361.425781	-135.156250
2626.612158	0.930818	361.425781	-135.156250
2626.614158	0.929924	10.229165	0.140138
2627.626207	0.352455	125.878906	249.414062
2627.628213	0.716165	125.878906	249.414062
2627.630210	0.935719	125.878906	249.414062
2627.632210	0.937289	125.878906	249.414062
2627.634210	0.935270	10.287974	0.104978
2628.690214	0.645665	350.292969	-134.375000
2628.694213	0.934730	350.292969	-134.375000
2628.696215	0.932212	350.292969	-134.375000
2628.698213	0.930859	10.239454	0.190060
2629.714777	0.702164	130.273437	246.093750
2629.716779	0.931319	130.273437	246.093750
2629.718780	0.934707	130.273437	246.093750
2629.720779	0.932463	10.257090	0.389778
2630.777716	0.890583	356.347656	-134.960937
2630.779717	0.935276	356.347656	-134.960937
2630.781717	0.932505	10.257559	0.136558
2631.799733	0.347708	131.152344	246.093750
2631.801733	0.711627	131.152344	246.093750
2631.803734	0.933209	131.152344	246.093750
2631.805733	0.935133	131.152344	246.093750
2631.807733	0.932947	10.262416	0.103864
2632.866286	0.934888	339.746094	-134.570312
2632.868287	0.932479	339.746094	-134.570312
2632.870287	0.931145	10.242599	0.225799
2633.886828	0.427321	131.640625	245.410156
2633.888829	0.785565	131.640625	245.410156
2633.890830	0.936967	131.640625	245.410156
2633.892829	0.934167	10.275833	0.103117
2634.947782	0.536157	347.460937	-136.230469
2634.949784	0.867408	347.460937	-136.230469
2634.951787	0.935923	347.460937	-136.230469
2634.953793	0.932937	10.262309	0.136364
2635.972751	0.288889	124.707031	252.636719
2635.974752	0.655927	124.707031	252.636719
2635.976753	0.921287	124.707031	252.636719
2635.978753	0.935170	124.707031	252.636719
2635.980753	0.932662	10.259279	0.105757
2637.034860	0.611239	328.808594	-134.863281
2637.036861	0.905744	328.808594	-134.863281
2637.038862	0.935191	328.808594	-134.863281
2637.040863	0.932549	10.258038	0.138535
2638.060879	0.604827	131.250000	247.167969
2638.062878	0.903240	131.250000	247.167969
2638.064878	0.905554	131.250000	247.167969
2638.066879	0.932841	10.261246	0.105364
2639.118899	0.414244	311.035156	-134.765625
2639.120899	0.773952	311.035156	-134.765625
2639.122901	0.936916	311.035156	-134.765625
2639.124899	0.934329	10.277615	0.141296
2640.146926	0.543464	131.054687	249.707031
2640.148928	0.871938	131.054687	249.707031
2640.150928	0.935922	131.054687	249.707031
2640.152927	0.933060	10.263657	0.101322
2641.205821	1.435166	314.062500	-134.765625
2641.207823	0.817324	314.062500	-134.765625
2641.209824	0.938312	314.062500	-134.765625
2641.211824	0.935359	10.288950	0.137913
2642.233839	0.497788	128.417969	255.078125
2642.237839	0.936149	128.417969	255.078125
2642.241839	0.931298	128.417969	255.078125
2642.243840	0.930331	10.233641	0.103467
2643.291893	0.404734	321.875000	-136.718750
2643.293896	0.765302	321.875000	-136.718750
2643.295895	0.936633	321.875000	-136.718750
2643.297895	0.934237	10.276605	0.137566
2644.319964	0.447959	127.050781	257.714844
2644.321966	0.803433	127.050781	257.714844
2644.323966	0.937767	127.050781	257.714844
2644.325965	0.934763	10.282392	0.104383
2645.380004	0.756345	328.808594	-137.890625
2645.382004	0.935500	328.808594	-137.890625
2645.384005	0.933317	10.266492	0.646209
2646.408567	0.832705	125.000000	262.304687
2646.410569	0.937295	125.000000	262.304687
2646.412570	0.934341	10.277757	0.102171
2647.464643	0.442696	320.800781	-137.890625
2647.466645	0.798865	320.800781	-137.890625
2647.468645	0.938089	320.800781	-137.890625
2647.470644	0.935179	10.286964	0.136040
2648.492690	0.527530	132.128906	254.785156
2648.494693	0.861979	132.128906	254.785156
2648.496692	0.935926	132.128906	254.785156
2648.498693	0.932900	10.261902	0.103162
2649.553669	0.815945	333.593750	-140.820312
2649.555672	0.937049	333.593750	-140.820312
2649.557673	0.933969	10.273662	0.138194
2650.578236	0.417966	125.683594	262.695312
2650.580239	0.777289	125.683594	262.695312
2650.582238	0.937821	125.683594	262.695312
2650.584238	0.935234	10.287576	0.104249
2651.638276	0.502065	305.957031	-137.988281
2651.640279	0.844909	305.957031	-137.988281
2651.642279	0.936663	305.957031	-137.988281
2651.644279	0.933607	10.269674	0.135217
2652.666337	0.724464	131.445312	258.886719
2652.668335	0.934363	131.445312	258.886719
2652.670335	0.934666	10.281328	0.105077
2653.724947	0.504528	320.019531	-139.550781
2653.726949	0.846542	320.019531	-139.550781
2653.728949	0.936148	320.019531	-139.550781
2653.730947	0.932978	10.262762	0.134471
2654.753007	0.771707	130.957031	259.960937
2654.755008	0.936390	130.957031	259.960937
2654.757008	0.933674	10.270410	0.698630
2655.811991	0.412869	330.175781	-140.625000
2655.813995	0.908646	330.175781	-140.625000
2655.815994	0.934609	330.175781	-140.625000
2655.817995	0.932024	10.252269	0.137372
2656.838520	0.661296	132.519531	259.375000
2656.840522	0.922513	132.519531	259.375000
2656.842523	0.934860	132.519531	259.375000
2656.844522	0.932447	10.256912	0.104613
2657.897473	0.501216	298.828125	-137.597656
2657.899475	0.844197	298.828125	-137.597656
2657.901475	0.936147	298.828125	-137.597656
2657.903475	0.932996	10.262957	0.135451
2658.925472	0.801624	128.417969	263.476562
2658.927475	0.936746	128.417969	263.476562
2658.929476	0.933568	10.269249	0.103949
2659.984024	0.483067	305.957031	-137.792969
2659.986027	0.831026	305.957031	-137.792969
2659.990024	0.933997	305.957031	-137.792969
2659.992025	0.932041	10.252455	0.135715
2661.010064	0.387426	128.906250	265.332031
2661.012064	0.749312	128.906250	265.332031
2661.014065	0.935646	128.906250	265.332031
2661.016065	0.933953	10.273485	0.103875
2662.072083	0.735396	322.753906	-138.476562
2662.074085	0.934555	322.753906	-138.476562
2662.076084	0.933687	10.270560	0.135391
2663.096633	1.413860	125.292969	269.628906
2663.098634	0.818203	125.292969	269.628906
2663.100634	0.937709	125.292969	269.628906
2663.102634	0.934686	10.281541	0.102141
2664.156648	0.451482	319.433594	-137.597656
2664.158650	0.806164	319.433594	-137.597656
2664.160649	0.937926	319.433594	-137.597656
2664.162648	0.935013	10.285139	0.133680
2665.184664	0.667692	130.859375	262.597656
2665.186664	0.924010	130.859375	262.597656
2665.188664	0.934557	130.859375	262.597656
2665.190665	0.932104	10.253146	0.252305
2666.242697	0.480237	326.464844	-137.792969
2666.244697	0.829041	326.464844	-137.792969
2666.246700	0.937423	326.464844	-137.792969
2666.248699	0.934485	10.279334	0.135935
2667.268701	0.329160	126.855469	266.601562
2667.270704	0.693956	126.855469	266.601562
2667.272703	0.929657	126.855469	266.601562
2667.274703	0.930913	126.855469	266.601562
2667.276704	0.932152	10.253669	0.104926
2668.328730	1.317696	314.648437	-135.644531
2668.330731	0.847681	314.648437	-135.644531
2668.332732	0.936278	314.648437	-135.644531
2668.334730	0.933114	10.264259	0.135977
2669.356759	0.585715	126.562500	267.968750
2669.358759	0.894531	126.562500	267.968750
2669.360760	0.935155	126.562500	267.968750
2669.362761	0.932385	10.256239	0.101819
2670.418852	0.934096	331.640625	-135.937500
2670.420852	0.934423	331.640625	-135.937500
2670.422853	0.932224	10.254466	0.494249
2671.443399	0.677573	124.218750	269.726562
2671.445402	0.926502	124.218750	269.726562
2671.447401	0.934786	124.218750	269.726562
2671.449401	0.932448	10.256930	0.103100
2672.501479	0.497116	328.027344	-134.472656
2672.503481	0.841606	328.027344	-134.472656
2672.505481	0.937401	328.027344	-134.472656
2672.507481	0.934433	10.278758	0.135875
2673.531527	0.911403	130.957031	262.695312
2673.533529	0.914339	130.957031	262.695312
2673.535530	0.932158	10.253740	0.103845
2674.590062	0.980488	305.566406	-131.054687
2674.592063	0.935059	305.566406	-131.054687
2674.594063	0.932341	10.255752	0.131853
2675.616111	0.567988	126.855469	266.015625
2675.618112	0.885531	126.855469	266.015625
2675.620113	0.935196	126.855469	266.015625
2675.622113	0.932409	10.256495	0.100619
2676.676144	0.823625	338.378906	-133.398437
2676.678146	0.937283	338.378906	-133.398437
2676.680150	0.934205	10.276250	0.134005
2677.702746	0.657236	129.882812	259.863281
2677.704750	0.920976	129.882812	259.863281
2677.706752	0.934233	129.882812	259.863281
2677.708754	0.931845	10.250293	0.103619
